     30 100
     20 101
     30 102
     47 103
    228 104
    284 105
     27 106
     14 107
     23 108
      7 109
      4 110
      3 111
      5 112
      2 113
      6 114
      1 115
      5 116
      2 117
      1 119
      1 124
      7 14
     45 15
    501 16
    740 17
    733 18
    232 19
    709 20
    260 21
    404 22
    900 23
    765 24
   7606 25
   7273 26
   8923 27
  31619 28
 136224 29
 877455 30
 204704 31
17976388 32
1267589 33
 549930 34
 713989 35
1168424 36
1049034 37
 393740 38
 110710 39
  76987 40
  44524 41
  16763 42
  11624 43
   6952 44
   4112 45
   4233 46
   1903 47
   1545 48
   1195 49
  11078 50
   2117 51
    583 52
    405 53
    342 54
   1063 55
    314 56
    230 57
   1250 58
    336 59
    263 60
    279 61
   6777 62
    505 63
    159 64
    173 65
    158 66
    196 67
    188 68
    262 69
    206 70
    173 71
  24859 72
    144 73
     94 74
    158 75
    102 76
    120 77
    135 78
    103 79
    149 80
    156 81
    164 82
    131 83
    139 84
    331 85
     80 86
    115 87
    110 88
    111 89
    113 90
     30 91
     42 92
      3 93
     11 94
     34 95
     27 96
     11 97
     15 98
     11 99
