100
salm_50_genome/GCA_003874215.1_PDT000286187.3_genomic.fna	100.00	93.10	93.00	99.27	99.37	93.07	93.23	93.07	99.23	93.47	99.16	93.17	93.28	99.21	93.28	93.48	99.29	93.17	93.44	93.18	93.07	93.21	93.31	93.50	99.30	93.07	93.17	99.57	99.18	99.22	93.35	93.47	93.18	93.50	93.04	93.47	93.48	93.23	99.13	93.47	99.13	93.49	99.13	93.07	93.05	99.30	99.30	99.25	99.13	99.13	93.22	93.33	92.74	99.28	99.23	99.22	93.48	93.48	93.50	99.30	93.51	99.18	93.32	93.50	93.10	93.06	99.32	93.48	99.32	93.49	93.58	99.56	93.17	99.39	93.47	99.23	93.19	93.50	99.21	93.33	93.48	99.14	99.34	99.25	93.19	93.10	93.32	99.14	99.32	99.59	93.50	93.47	99.23	93.36	92.81	93.05	93.38	93.45	99.13	93.59
salm_50_genome/GCA_003894135.1_PDT000381598.1_genomic.fna	93.10	100.00	98.77	93.41	93.38	94.73	98.48	99.92	93.21	99.91	93.42	98.99	98.28	93.77	99.91	98.90	93.34	98.95	98.92	98.83	99.91	99.92	94.63	98.90	93.40	93.84	98.89	93.38	93.45	93.21	98.27	99.97	98.96	98.90	98.80	98.90	98.51	98.27	93.41	99.95	93.21	98.92	93.06	99.93	98.90	93.38	93.38	93.27	93.04	93.18	99.92	98.99	93.46	93.06	93.01	93.12	98.92	98.92	99.02	93.38	98.90	93.21	94.65	98.85	98.84	93.71	93.21	98.97	93.12	98.85	98.41	93.18	98.37	93.06	99.91	92.98	98.89	99.32	93.46	98.72	98.62	93.24	93.40	93.47	98.82	98.26	98.26	93.03	93.12	93.12	98.85	98.85	93.24	98.33	99.96	98.72	98.81	98.26	93.08	98.48
salm_50_genome/GCA_004260915.1_PDT000347735.1_genomic.fna	93.00	98.77	100.00	93.17	93.15	94.70	98.46	98.75	93.07	98.78	93.26	98.82	98.31	93.51	98.77	98.84	93.21	98.69	98.78	99.76	98.75	98.77	94.70	99.77	93.38	93.82	99.71	93.37	93.18	93.18	98.22	98.73	99.81	99.77	99.77	99.83	98.45	98.26	93.17	98.78	93.19	98.84	93.04	98.69	99.71	93.26	93.26	93.15	93.03	93.17	98.79	98.77	93.31	93.08	92.95	93.23	98.69	98.69	98.84	93.15	98.61	93.18	94.63	99.77	99.77	93.59	93.06	98.89	93.10	99.77	98.46	92.99	98.22	93.00	98.73	93.06	99.75	98.74	93.33	98.68	98.56	93.23	93.26	93.34	98.76	98.26	98.26	93.00	93.04	93.05	99.77	98.74	93.23	98.36	98.96	99.70	99.25	98.14	93.19	98.55
salm_50_genome/GCA_005734555.1_PDT000465134.1_genomic.fna	99.27	93.41	93.17	100.00	99.21	93.16	93.34	93.39	99.26	93.45	99.25	93.27	93.25	99.26	93.26	93.34	99.99	93.15	93.33	93.39	93.03	93.41	93.18	93.46	99.16	93.05	93.15	99.37	99.44	99.22	93.43	93.45	93.17	93.46	93.41	93.33	93.45	93.20	99.34	93.45	99.35	93.46	99.06	93.15	93.15	99.42	99.98	99.16	99.06	99.31	93.18	93.31	92.82	99.12	99.08	99.38	93.35	93.35	93.46	99.16	93.46	99.18	93.19	93.46	93.41	93.04	99.17	93.45	99.13	93.45	93.30	99.26	93.26	99.27	93.33	99.12	93.15	93.46	99.25	93.32	93.46	99.26	99.25	99.30	93.15	93.19	93.19	99.08	99.21	99.22	93.46	93.22	99.27	93.34	92.78	93.04	93.61	93.41	99.21	93.43
salm_50_genome/GCA_005902725.1_PDT000469255.1_genomic.fna	99.37	93.38	93.15	99.21	100.00	93.24	93.10	93.37	99.07	93.30	99.21	93.15	93.14	99.01	93.15	93.42	99.12	93.03	93.30	93.26	93.26	93.38	93.26	93.32	99.48	93.05	93.15	99.30	99.17	99.16	93.29	93.41	93.26	93.32	93.27	93.30	93.41	93.17	99.20	93.30	99.16	93.32	99.56	93.26	92.97	99.16	99.12	99.46	99.55	99.20	93.39	93.20	92.60	99.55	99.57	99.30	93.43	93.43	93.43	99.48	93.32	99.07	93.14	93.32	93.27	93.04	99.34	93.30	99.34	93.31	93.41	99.37	93.15	99.34	93.41	99.44	93.26	93.43	98.99	93.29	93.43	99.12	99.30	99.16	93.03	93.16	93.16	99.57	99.34	99.37	93.32	93.30	99.17	93.31	92.71	92.81	93.36	93.31	99.01	93.40
salm_50_genome/GCA_006015595.1_PDT000044140.4_genomic.fna	93.07	94.73	94.70	93.16	93.24	100.00	94.73	94.80	93.18	94.97	93.23	94.80	94.90	93.63	94.91	94.87	93.39	94.80	94.76	94.69	94.58	94.84	99.95	94.77	93.26	96.76	94.69	93.25	93.29	93.28	94.93	94.87	94.80	94.77	94.73	94.76	94.76	94.74	93.38	94.97	93.40	94.98	93.28	94.80	94.80	93.26	93.17	93.24	93.27	93.27	94.73	94.83	96.64	93.10	93.20	93.24	94.99	94.99	94.97	93.24	94.86	93.33	99.39	94.77	94.72	96.65	93.21	94.87	93.22	94.87	94.65	93.16	94.69	93.22	94.97	93.20	94.69	94.88	93.45	94.85	94.86	93.22	93.39	93.33	94.90	94.73	94.73	93.32	93.24	93.24	94.77	94.87	93.22	94.98	94.88	94.34	94.86	94.95	93.21	94.85
salm_50_genome/GCA_006206025.1_PDT000298366.2_genomic.fna	93.23	98.48	98.46	93.34	93.10	94.73	100.00	98.48	93.34	98.55	93.21	98.57	98.17	93.34	98.48	98.54	93.33	98.48	98.56	98.52	98.52	98.48	94.86	98.55	93.21	93.84	98.54	93.21	93.39	93.33	98.45	98.54	98.53	98.55	98.53	98.55	98.63	98.20	93.33	98.55	93.33	98.56	93.28	98.54	98.52	93.37	93.34	93.26	93.27	93.21	98.56	98.54	93.46	93.25	93.13	93.25	98.46	98.46	98.59	93.21	98.59	93.50	94.65	98.56	98.53	93.59	93.37	98.50	93.36	98.55	98.59	93.21	98.20	93.25	98.54	93.24	98.53	98.48	93.46	98.62	98.59	93.36	93.33	93.59	98.52	98.21	98.21	93.14	93.36	93.36	98.55	98.55	93.37	98.34	98.43	98.46	98.63	98.47	93.33	98.73
salm_50_genome/GCA_006520415.1_PDT000412169.1_genomic.fna	93.07	99.92	98.75	93.39	93.37	94.80	98.48	100.00	93.18	99.92	93.39	99.00	98.27	93.76	99.78	98.90	93.33	98.94	98.95	98.89	99.88	99.94	94.71	98.95	93.39	93.83	98.89	93.39	93.41	93.17	98.23	99.96	98.94	98.95	98.95	98.95	98.58	98.19	93.03	99.92	93.06	98.90	92.99	99.93	98.89	93.26	93.37	93.15	92.99	93.03	99.96	98.99	93.45	93.04	92.87	93.09	98.96	98.96	99.00	93.39	98.90	93.18	94.62	98.95	98.94	93.84	93.18	98.90	93.21	98.95	98.59	93.03	98.36	93.08	99.85	93.00	98.89	99.34	93.46	98.83	98.68	93.21	93.51	93.46	98.86	98.19	98.19	93.00	93.21	93.21	98.95	98.88	93.21	98.34	99.93	98.77	98.81	98.32	93.18	98.68
salm_50_genome/GCA_006573285.1_PDT000245917.2_genomic.fna	99.23	93.21	93.07	99.26	99.07	93.18	93.34	93.18	100.00	93.46	99.25	93.16	93.27	99.30	93.27	93.46	99.29	93.16	93.45	93.17	93.18	93.09	93.07	93.48	99.11	93.06	93.16	99.26	99.32	99.88	93.45	93.46	93.18	93.48	93.09	93.46	93.46	93.22	99.30	93.46	99.32	93.48	99.12	93.06	93.16	99.30	99.30	99.12	99.12	99.22	93.21	93.32	92.89	99.07	99.03	99.32	93.48	93.48	93.49	99.06	93.48	99.23	93.29	93.48	93.21	92.92	99.07	93.60	99.13	93.46	93.58	99.27	93.27	99.28	93.48	99.07	93.18	93.48	99.88	93.33	93.61	99.73	99.20	99.25	93.29	93.21	93.21	99.08	99.08	99.18	93.48	93.35	99.82	93.48	92.76	92.99	93.63	93.46	99.36	93.58
salm_50_genome/GCA_006586285.1_PDT000331962.1_genomic.fna	93.47	99.91	98.78	93.45	93.30	94.97	98.55	99.92	93.46	100.00	93.45	99.01	98.39	93.80	99.90	98.97	93.36	98.96	98.97	98.83	99.97	99.91	94.99	98.97	93.43	93.86	98.90	93.41	93.46	93.46	98.38	99.93	98.96	98.97	98.90	98.97	98.60	98.41	93.43	100.00	93.35	98.92	93.24	99.99	98.95	93.30	93.41	93.30	93.33	93.33	99.91	99.00	93.62	93.12	93.24	93.25	98.91	98.91	99.02	93.55	98.86	93.25	94.66	98.97	98.92	93.74	93.35	98.92	93.35	98.97	98.47	93.22	98.45	93.35	99.92	93.24	98.90	99.28	93.48	98.75	98.65	93.25	93.43	93.48	98.88	98.39	98.39	93.24	93.35	93.12	98.97	98.90	93.47	98.33	99.99	98.87	98.86	98.37	93.22	98.61
salm_50_genome/GCA_006600785.1_PDT000352021.1_genomic.fna	99.16	93.42	93.26	99.25	99.21	93.23	93.21	93.39	99.25	93.45	100.00	93.15	93.15	99.20	93.26	93.44	99.25	93.03	93.43	93.39	93.37	93.40	93.25	93.45	99.06	93.06	93.15	99.12	99.13	99.26	93.42	93.43	93.37	93.45	93.42	93.43	93.43	93.19	99.16	93.45	99.16	93.45	99.00	93.37	93.15	99.21	99.21	99.06	98.99	99.16	93.41	93.20	92.72	99.17	99.21	99.12	93.45	93.45	93.46	99.01	93.34	99.17	93.26	93.46	93.40	92.92	99.26	93.43	99.11	93.44	93.43	99.16	93.15	99.17	93.43	99.26	93.37	93.45	99.20	93.31	93.46	99.25	99.12	99.26	93.15	93.18	93.18	99.12	99.21	99.17	93.45	93.32	99.26	93.21	92.63	93.00	93.61	93.40	99.26	93.54
salm_50_genome/GCA_006621605.1_PDT000368074.1_genomic.fna	93.17	98.99	98.82	93.27	93.15	94.80	98.57	99.00	93.16	99.01	93.15	100.00	98.42	93.76	98.94	98.90	93.33	98.99	99.00	98.94	99.00	98.99	94.81	98.95	93.15	93.83	98.94	93.39	93.28	93.15	98.28	99.01	98.94	98.95	98.95	98.95	98.71	98.33	93.26	99.01	93.27	99.00	93.17	99.00	98.88	93.37	93.39	93.26	93.16	93.26	98.90	99.00	93.58	93.20	93.07	93.30	99.00	99.00	99.99	93.51	98.90	93.20	94.81	98.95	98.94	93.84	93.18	98.96	93.19	98.95	98.73	93.15	98.39	93.19	99.01	93.18	98.93	99.01	93.45	98.78	98.64	93.19	93.51	93.58	98.86	98.33	98.33	93.18	93.19	93.31	98.95	98.96	93.30	98.39	99.01	98.82	98.76	98.38	93.18	98.71
salm_50_genome/GCA_006645785.1_PDT000322394.1_genomic.fna	93.28	98.28	98.31	93.25	93.14	94.90	98.17	98.27	93.27	98.39	93.15	98.42	100.00	93.51	98.20	98.41	93.31	98.25	98.41	98.37	98.36	98.37	94.91	98.45	93.26	93.83	98.39	93.26	93.28	93.26	98.19	98.38	98.44	98.45	98.39	98.45	98.25	98.46	93.26	98.41	93.26	98.48	93.17	98.37	98.17	93.37	93.26	93.15	93.16	93.26	98.42	98.33	93.57	93.19	93.18	93.30	98.45	98.45	98.49	93.15	98.39	93.30	94.90	98.45	98.44	93.84	93.29	98.44	93.18	98.41	98.29	93.26	98.57	93.30	98.37	93.18	98.43	98.39	93.31	98.40	98.21	93.30	93.37	93.33	98.21	98.47	98.47	93.18	93.30	93.20	98.45	98.48	93.30	98.51	97.99	98.24	98.42	98.23	93.18	98.27
salm_50_genome/GCA_006681545.1_PDT000376970.1_genomic.fna	99.21	93.77	93.51	99.26	99.01	93.63	93.34	93.76	99.30	93.80	99.20	93.76	93.51	100.00	93.64	93.81	99.25	93.51	93.55	93.64	93.76	93.77	93.65	93.82	99.05	93.06	93.76	99.21	99.27	99.30	93.79	93.80	93.51	93.82	93.77	93.68	93.80	93.41	99.26	93.80	99.26	93.69	99.07	93.76	93.76	99.26	99.26	99.01	99.06	99.25	93.78	93.31	92.88	99.11	99.07	99.21	93.56	93.56	93.82	99.06	93.82	99.30	93.76	93.82	93.77	93.06	99.11	93.68	99.11	93.81	93.68	99.21	93.39	99.21	93.80	99.08	93.76	93.82	99.25	93.67	93.82	99.30	99.16	99.30	93.51	93.40	93.40	99.06	99.11	99.17	93.82	93.68	99.30	93.55	93.44	93.00	93.49	93.81	99.30	93.80
salm_50_genome/GCA_006820565.1_PDT000330005.1_genomic.fna	93.28	99.91	98.77	93.26	93.15	94.91	98.48	99.78	93.27	99.90	93.26	98.94	98.20	93.64	100.00	98.95	93.39	98.94	98.95	98.88	99.96	99.94	94.81	98.90	93.26	93.83	98.88	93.15	93.28	93.27	98.29	99.94	98.89	98.90	98.88	98.90	98.55	98.40	93.26	99.96	93.27	98.95	93.17	99.93	98.89	93.26	93.26	93.15	93.16	93.26	99.91	98.99	93.70	93.19	93.19	93.30	99.00	99.00	99.01	93.26	98.90	93.30	94.81	98.90	98.90	93.71	93.30	98.95	93.30	98.90	98.51	93.26	98.42	93.30	99.93	93.17	98.89	99.37	93.46	98.77	98.64	93.30	93.51	93.46	98.86	98.42	98.42	93.18	93.30	93.30	98.90	98.83	93.30	98.27	99.91	98.82	98.81	98.29	93.27	98.50
salm_50_genome/GCA_006898825.1_PDT000119806.3_genomic.fna	93.48	98.90	98.84	93.34	93.42	94.87	98.54	98.90	93.46	98.97	93.44	98.90	98.41	93.81	98.95	100.00	93.35	99.01	99.02	98.88	99.00	98.97	94.88	98.97	93.45	93.87	98.95	93.41	93.46	93.48	98.40	99.02	98.95	98.97	98.92	98.91	98.57	98.38	93.44	98.97	93.35	99.03	93.24	98.96	98.95	93.31	93.41	93.31	93.34	93.45	98.92	99.00	93.61	93.25	93.25	93.48	98.92	98.92	99.03	93.43	98.92	93.36	94.75	98.97	98.92	93.88	93.36	98.92	93.36	98.91	98.57	93.34	98.44	93.36	98.97	93.36	98.90	99.02	93.49	98.73	98.58	93.36	93.55	93.49	98.88	98.38	98.38	93.25	93.25	93.36	98.97	98.86	93.36	98.51	99.09	98.83	98.86	98.38	93.22	98.53
salm_50_genome/GCA_006954705.1_PDT000182972.2_genomic.fna	99.29	93.34	93.21	99.99	99.12	93.39	93.33	93.33	99.29	93.36	99.25	93.33	93.31	99.25	93.39	93.35	100.00	93.33	93.36	93.45	93.33	93.34	93.40	93.50	99.11	93.06	93.45	99.33	99.44	99.29	93.34	93.36	93.33	93.38	93.34	93.37	93.48	93.22	99.39	93.36	99.39	93.38	99.12	93.31	93.33	99.43	99.98	99.12	99.11	99.39	93.53	93.33	92.72	99.11	99.11	99.36	93.50	93.50	93.50	99.12	93.50	99.25	93.34	93.50	93.34	93.09	99.21	93.36	99.20	93.37	93.61	99.33	93.20	99.33	93.36	99.13	93.33	93.38	99.26	93.34	93.50	99.29	99.22	99.30	93.45	93.21	93.21	99.11	99.20	99.29	93.50	93.36	99.30	93.49	91.32	92.96	93.62	93.49	99.25	93.54
salm_50_genome/GCA_007069595.1_PDT000245767.2_genomic.fna	93.17	98.95	98.69	93.15	93.03	94.80	98.48	98.94	93.16	98.96	93.03	98.99	98.25	93.51	98.94	99.01	93.33	100.00	99.97	98.87	98.94	98.95	94.81	98.90	93.03	93.97	98.89	93.37	93.17	93.16	98.32	99.00	98.88	98.90	98.90	98.90	98.72	98.22	93.15	99.00	93.16	99.00	93.04	98.94	98.86	93.26	93.37	93.15	93.03	93.03	98.95	99.99	93.70	93.06	92.96	93.07	98.90	98.90	99.01	93.37	98.90	93.20	94.81	98.90	98.89	93.71	93.18	98.90	93.19	98.90	98.51	93.03	98.19	93.07	99.00	93.06	98.89	98.95	93.45	98.88	98.64	93.20	93.39	93.45	98.86	98.24	98.25	93.05	93.19	93.05	98.90	98.90	93.20	98.41	97.54	98.78	98.81	98.42	93.04	98.77
salm_50_genome/GCA_007172435.1_PDT000329763.1_genomic.fna	93.44	98.92	98.78	93.33	93.30	94.76	98.56	98.95	93.45	98.97	93.43	99.00	98.41	93.55	98.95	99.02	93.36	99.97	100.00	98.84	98.95	98.91	94.99	98.86	93.43	93.86	98.90	93.41	93.46	93.48	98.32	98.97	98.88	98.86	98.85	98.85	98.60	98.25	93.41	98.97	93.33	98.97	93.35	98.96	98.88	93.30	93.41	93.19	93.33	93.29	98.90	99.96	93.74	93.13	93.25	93.25	98.97	98.97	99.02	93.30	98.92	93.25	94.77	98.90	98.89	93.74	93.36	98.92	93.25	98.90	98.70	93.22	98.26	93.35	98.97	93.12	98.88	98.97	93.48	98.81	98.65	93.25	93.43	93.48	98.90	98.25	98.23	93.24	93.25	93.13	98.86	98.91	93.25	98.35	99.08	98.84	98.86	98.36	93.22	98.75
salm_50_genome/GCA_007268085.1_PDT000344892.1_genomic.fna	93.18	98.83	99.76	93.39	93.26	94.69	98.52	98.89	93.17	98.83	93.39	98.94	98.37	93.64	98.88	98.88	93.45	98.87	98.84	100.00	98.93	98.88	94.71	99.99	93.39	93.83	99.97	93.39	93.41	93.17	98.19	98.89	99.95	99.99	99.99	99.98	98.59	98.25	93.15	98.83	93.18	98.83	93.05	98.88	99.96	93.37	93.39	93.26	93.04	93.17	98.90	98.94	93.33	93.21	93.18	93.21	98.88	98.88	98.90	93.26	98.83	93.29	94.59	99.99	99.98	93.71	93.18	98.88	93.18	99.99	98.59	93.16	98.32	93.18	98.89	93.18	99.95	98.78	93.46	98.78	98.60	93.21	93.51	93.59	98.81	98.25	98.24	93.04	93.09	93.21	99.98	98.88	93.19	98.38	99.00	99.94	99.45	98.19	93.18	98.56
salm_50_genome/GCA_007291735.1_PDT000376713.1_genomic.fna	93.07	99.91	98.75	93.03	93.26	94.58	98.52	99.88	93.18	99.97	93.37	99.00	98.36	93.76	99.96	99.00	93.33	98.94	98.95	98.93	100.00	99.91	94.59	98.95	93.37	93.83	98.93	93.37	93.40	93.18	98.34	99.93	98.94	98.95	98.94	98.95	98.57	98.29	93.03	99.99	93.06	98.90	92.99	99.98	98.93	93.26	93.37	93.15	92.99	93.03	99.96	98.99	93.58	93.07	92.98	93.09	98.90	98.90	98.96	93.39	98.89	93.21	94.62	98.95	98.94	93.71	93.06	99.00	93.09	98.95	98.57	93.02	98.43	93.03	99.92	93.00	98.89	99.26	93.46	98.73	98.57	93.21	93.39	93.45	98.89	98.29	98.29	92.95	93.09	93.08	98.95	98.89	93.21	98.41	99.98	98.81	98.86	98.36	93.06	98.59
salm_50_genome/GCA_007318095.1_PDT000384811.1_genomic.fna	93.21	99.92	98.77	93.41	93.38	94.84	98.48	99.94	93.09	99.91	93.40	98.99	98.37	93.77	99.94	98.97	93.34	98.95	98.91	98.88	99.91	100.00	94.74	98.92	93.40	93.81	98.89	93.38	93.43	93.43	98.32	99.96	98.96	98.92	98.90	98.92	98.46	98.37	93.40	99.96	93.32	98.97	93.21	99.94	98.90	93.38	93.38	93.27	93.30	93.40	99.92	98.99	93.59	93.06	92.98	93.24	98.97	98.97	99.02	93.38	98.90	93.21	94.76	98.92	98.91	93.72	93.09	98.97	93.06	98.92	98.49	93.30	98.38	93.09	99.91	93.09	98.89	99.39	93.46	98.73	98.53	93.24	93.52	93.47	98.87	98.31	98.31	93.21	93.10	93.12	98.92	98.85	93.24	98.37	99.97	98.82	98.81	98.31	93.20	98.49
salm_50_genome/GCA_007547775.1_PDT000049747.3_genomic.fna	93.31	94.63	94.70	93.18	93.26	99.95	94.86	94.71	93.07	94.99	93.25	94.81	94.91	93.65	94.81	94.88	93.40	94.81	94.99	94.71	94.59	94.74	100.00	95.00	93.28	96.78	94.70	93.27	93.32	93.30	94.95	94.99	94.81	95.00	94.63	94.98	94.88	94.75	93.40	94.99	93.42	94.99	93.31	94.81	94.81	93.29	93.18	93.27	93.30	93.29	94.76	94.85	96.66	93.23	93.07	93.24	95.00	95.00	94.99	93.27	94.99	93.24	99.32	95.00	94.95	96.66	93.22	94.99	93.23	94.88	94.66	93.18	94.70	93.11	94.99	93.23	94.71	95.00	93.48	94.97	94.88	93.23	93.40	93.36	94.91	94.74	94.63	93.34	93.24	93.25	95.00	94.88	93.23	94.99	94.79	94.35	94.89	94.97	93.09	94.88
salm_50_genome/GCA_007662685.1_PDT000309148.2_genomic.fna	93.50	98.90	99.77	93.46	93.32	94.77	98.55	98.95	93.48	98.97	93.45	98.95	98.45	93.82	98.90	98.97	93.50	98.90	98.86	99.99	98.95	98.92	95.00	100.00	93.58	93.88	99.98	93.44	93.49	93.48	98.45	98.97	99.99	100.00	99.98	99.99	98.58	98.39	93.58	98.97	93.49	98.92	93.36	98.95	100.00	93.43	93.44	93.21	93.35	93.46	98.92	98.95	93.49	93.26	93.14	93.50	98.90	98.90	98.90	93.31	98.90	93.38	94.67	99.99	100.00	93.76	93.38	98.97	93.49	99.99	98.58	93.35	98.45	93.38	98.97	93.37	99.99	98.90	93.50	98.90	98.65	93.37	93.56	93.63	98.88	98.41	98.41	93.37	93.14	93.26	99.99	98.86	93.49	98.47	99.03	99.93	99.34	98.31	93.22	98.66
salm_50_genome/GCA_007871445.1_PDT000551055.1_genomic.fna	99.30	93.40	93.38	99.16	99.48	93.26	93.21	93.39	99.11	93.43	99.06	93.15	93.26	99.05	93.26	93.45	99.11	93.03	93.43	93.39	93.37	93.40	93.28	93.58	100.00	93.05	93.15	99.30	99.02	99.01	93.44	93.43	93.39	93.58	93.54	93.57	93.57	93.30	99.05	93.43	99.07	93.58	99.35	93.37	93.03	99.11	99.11	99.48	99.37	99.06	93.41	93.20	92.60	99.61	99.57	99.07	93.58	93.58	93.46	99.98	93.46	99.00	93.29	93.58	93.54	92.93	99.31	93.43	99.37	93.57	93.57	99.36	93.15	99.26	93.43	99.41	93.51	93.45	99.06	93.56	93.46	99.11	99.37	99.16	93.15	93.29	93.29	99.44	99.30	99.43	93.58	93.45	99.11	93.44	92.77	92.97	93.61	93.55	99.00	93.55
salm_50_genome/GCA_007979745.1_PDT000557916.1_genomic.fna	93.07	93.84	93.82	93.05	93.05	96.76	93.84	93.83	93.06	93.86	93.06	93.83	93.83	93.06	93.83	93.87	93.06	93.97	93.86	93.83	93.83	93.81	96.78	93.88	93.05	100.00	93.83	93.06	93.07	93.06	93.85	93.86	93.83	93.88	93.84	93.87	93.86	93.69	93.06	93.86	93.07	93.88	93.06	93.83	93.83	93.06	93.06	92.93	93.05	93.06	93.84	93.97	99.95	93.09	93.09	93.09	93.88	93.88	93.88	93.06	93.88	93.20	96.78	93.88	93.84	99.93	93.20	93.86	93.09	93.87	93.86	93.06	93.67	93.09	93.86	93.09	93.83	93.88	93.06	93.99	94.02	93.09	93.06	93.06	93.83	93.81	93.81	93.09	93.20	93.10	93.88	93.86	93.09	93.87	93.88	92.87	93.81	93.87	93.19	93.88
salm_50_genome/GCA_008129745.1_PDT000568725.1_genomic.fna	93.17	98.89	99.71	93.15	93.15	94.69	98.54	98.89	93.16	98.90	93.15	98.94	98.39	93.76	98.88	98.95	93.45	98.89	98.90	99.97	98.93	98.89	94.70	99.98	93.15	93.83	100.00	93.39	93.17	93.16	98.30	98.95	99.98	99.98	99.99	99.98	98.64	98.22	93.15	98.90	93.16	98.90	93.05	98.89	99.97	93.37	93.39	93.26	93.04	93.15	98.90	98.94	93.45	93.20	93.19	93.20	98.90	98.90	98.95	93.26	98.88	93.31	94.59	99.99	99.97	93.71	93.17	98.84	93.30	99.98	98.63	93.15	98.34	93.19	98.95	93.18	99.96	98.88	93.45	98.83	98.60	93.20	93.51	93.58	98.86	98.24	98.24	93.05	93.19	93.20	99.98	98.90	93.20	98.37	98.43	99.94	99.45	98.30	93.27	98.59
salm_50_genome/GCA_008318075.1_PDT000580223.1_genomic.fna	99.57	93.38	93.37	99.37	99.30	93.25	93.21	93.39	99.26	93.41	99.12	93.39	93.26	99.21	93.15	93.41	99.33	93.37	93.41	93.39	93.37	93.38	93.27	93.44	99.30	93.06	93.39	100.00	99.21	99.26	93.28	93.41	93.39	93.44	93.40	93.43	93.41	93.28	99.21	93.41	99.21	93.43	99.12	93.37	93.39	99.34	99.37	99.25	99.11	99.21	93.41	93.20	92.72	99.26	99.31	99.26	93.44	93.44	93.43	99.30	93.42	99.21	93.26	93.44	93.40	93.05	99.30	93.43	99.31	93.43	93.41	99.98	93.15	99.90	93.41	99.27	93.39	93.44	99.25	93.40	93.43	99.26	99.34	99.30	93.37	93.27	93.27	99.25	99.30	99.57	93.44	93.43	99.26	93.30	93.20	92.97	93.36	93.42	99.17	93.54
salm_50_genome/GCA_008484405.1_PDT000192900.2_genomic.fna	99.18	93.45	93.18	99.44	99.17	93.29	93.39	93.41	99.32	93.46	99.13	93.28	93.28	99.27	93.28	93.46	99.44	93.17	93.46	93.41	93.40	93.43	93.32	93.49	99.02	93.07	93.17	99.21	100.00	99.32	93.45	93.48	93.41	93.49	93.45	93.48	93.48	93.22	99.38	93.48	99.38	93.48	99.02	93.05	93.17	99.71	99.38	99.06	99.01	99.17	93.21	93.39	92.93	99.13	99.14	99.41	93.48	93.48	93.49	99.07	93.48	99.14	93.42	93.49	93.45	92.97	99.13	93.48	99.08	93.48	93.46	99.22	93.05	99.27	93.48	99.14	93.17	93.48	99.25	93.47	93.49	99.22	99.13	99.25	93.17	93.21	93.21	99.02	99.18	99.18	93.49	93.46	99.32	93.35	92.79	93.17	93.62	93.48	99.27	93.44
salm_50_genome/GCA_008595545.1_PDT000276500.2_genomic.fna	99.22	93.21	93.18	99.22	99.16	93.28	93.33	93.17	99.88	93.46	99.26	93.15	93.26	99.30	93.27	93.48	99.29	93.16	93.48	93.17	93.18	93.43	93.30	93.48	99.01	93.06	93.16	99.26	99.32	100.00	93.45	93.46	93.17	93.48	93.43	93.46	93.46	93.33	99.31	93.46	99.32	93.48	99.12	93.06	93.16	99.30	99.26	99.12	99.12	99.27	93.21	93.32	92.88	99.13	99.08	99.32	93.48	93.48	93.61	99.01	93.49	99.27	93.31	93.49	93.45	93.05	99.14	93.46	99.14	93.46	93.46	99.26	93.27	99.27	93.46	99.14	93.18	93.49	99.89	93.34	93.61	99.86	99.11	99.25	93.29	93.43	93.43	99.08	99.14	99.18	93.48	93.46	99.86	93.46	92.76	93.05	93.75	93.44	99.39	93.58
salm_50_genome/GCA_008738935.1_PDT000099291.2_genomic.fna	93.35	98.27	98.22	93.43	93.29	94.93	98.45	98.23	93.45	98.38	93.42	98.28	98.19	93.79	98.29	98.40	93.34	98.32	98.32	98.19	98.34	98.32	94.95	98.45	93.44	93.85	98.30	93.28	93.45	93.45	100.00	98.42	98.31	98.44	98.20	98.43	98.27	98.20	93.31	98.39	93.33	98.48	93.23	98.36	98.23	93.39	93.40	93.17	93.21	93.32	98.28	98.41	93.72	93.13	93.24	93.26	98.42	98.42	98.41	93.39	98.42	93.24	94.63	98.45	98.35	93.85	93.35	98.31	93.24	98.40	98.43	93.21	98.16	93.35	98.42	93.12	98.23	98.42	93.48	98.43	98.49	93.24	93.40	93.36	98.34	98.17	98.17	93.24	93.24	93.24	98.44	98.42	93.35	98.32	98.42	98.19	98.43	99.18	93.22	98.57
salm_50_genome/GCA_008768655.1_PDT000588866.3_genomic.fna	93.47	99.97	98.73	93.45	93.41	94.87	98.54	99.96	93.46	99.93	93.43	99.01	98.38	93.80	99.94	99.02	93.36	99.00	98.97	98.89	99.93	99.96	94.99	98.97	93.43	93.86	98.95	93.41	93.48	93.46	98.42	100.00	98.96	98.97	98.92	98.97	98.58	98.42	93.41	99.99	93.33	98.97	93.35	99.97	98.95	93.30	93.41	93.19	93.33	93.40	99.96	99.00	93.62	93.25	93.25	93.25	98.97	98.97	99.03	93.43	98.90	93.24	94.77	98.97	98.91	93.74	93.47	98.90	93.24	98.92	98.66	93.33	98.41	93.35	99.97	93.24	98.90	99.42	93.48	98.90	98.60	93.25	93.43	93.49	98.90	98.36	98.36	93.24	93.24	93.25	98.97	98.91	93.47	98.41	99.98	98.83	98.86	98.33	93.22	98.65
salm_50_genome/GCA_008889405.1_PDT000599713.1_genomic.fna	93.18	98.96	99.81	93.17	93.26	94.80	98.53	98.94	93.18	98.96	93.37	98.94	98.44	93.51	98.89	98.95	93.33	98.88	98.88	99.95	98.94	98.96	94.81	99.99	93.39	93.83	99.98	93.39	93.41	93.17	98.31	98.96	100.00	99.99	99.98	99.99	98.71	98.23	93.15	98.96	93.18	98.90	93.05	98.93	99.99	93.37	93.39	93.15	93.04	93.15	98.95	98.94	93.45	93.09	93.00	93.21	98.90	98.90	98.90	93.26	98.89	93.18	94.84	99.99	99.99	93.71	93.18	98.96	93.21	99.97	98.72	93.04	98.42	93.06	98.96	93.06	99.99	98.95	93.45	98.84	98.68	93.21	93.51	93.58	98.81	98.23	98.23	93.00	93.21	93.09	99.99	98.90	93.21	98.40	99.00	99.93	99.32	98.30	93.18	98.71
salm_50_genome/GCA_008908285.1_PDT000133734.2_genomic.fna	93.50	98.90	99.77	93.46	93.32	94.77	98.55	98.95	93.48	98.97	93.45	98.95	98.45	93.82	98.90	98.97	93.38	98.90	98.86	99.99	98.95	98.92	95.00	100.00	93.58	93.88	99.98	93.44	93.49	93.48	98.44	98.97	99.99	100.00	99.98	99.99	98.58	98.39	93.58	98.97	93.48	98.92	93.36	98.95	100.00	93.43	93.44	93.21	93.35	93.46	98.92	98.95	93.49	93.26	93.14	93.50	98.81	98.81	98.92	93.31	98.86	93.38	94.67	99.99	99.99	93.76	93.38	98.92	93.49	99.98	98.58	93.35	98.44	93.37	98.97	93.37	99.99	98.86	93.50	98.90	98.60	93.37	93.56	93.63	98.88	98.41	98.41	93.37	93.14	93.26	99.99	98.86	93.48	98.47	99.03	99.93	99.34	98.27	93.08	98.61
salm_50_genome/GCA_009049765.1_PDT000163145.3_genomic.fna	93.04	98.80	99.77	93.41	93.27	94.73	98.53	98.95	93.09	98.90	93.42	98.95	98.39	93.77	98.88	98.92	93.34	98.90	98.85	99.99	98.94	98.90	94.63	99.98	93.54	93.84	99.99	93.40	93.45	93.43	98.20	98.92	99.98	99.98	100.00	99.98	98.60	98.39	93.53	98.90	93.45	98.91	93.32	98.88	99.98	93.38	93.40	93.27	93.30	93.40	98.91	98.94	93.45	93.12	93.09	93.12	98.85	98.85	98.92	93.27	98.85	93.24	94.65	99.99	99.97	93.71	93.21	98.85	93.24	99.98	98.64	93.29	98.35	93.01	98.92	93.09	99.96	98.91	93.46	98.80	98.62	93.12	93.52	93.59	98.87	98.27	98.27	93.32	93.24	93.24	99.98	98.92	93.24	98.39	99.03	99.95	99.45	98.20	93.21	98.64
salm_50_genome/GCA_009204065.1_PDT000203282.2_genomic.fna	93.47	98.90	99.83	93.33	93.30	94.76	98.55	98.95	93.46	98.97	93.43	98.95	98.45	93.68	98.90	98.91	93.37	98.90	98.85	99.98	98.95	98.92	94.98	99.99	93.57	93.87	99.98	93.43	93.48	93.46	98.43	98.97	99.99	99.99	99.98	100.00	98.58	98.38	93.45	98.92	93.46	98.90	93.35	98.95	99.99	93.41	93.43	93.19	93.33	93.45	98.96	98.95	93.48	93.10	93.13	93.25	98.90	98.90	98.90	93.30	98.86	93.25	94.66	99.99	99.99	93.75	93.36	98.92	93.47	99.97	98.65	93.33	98.43	93.35	98.97	93.35	99.99	98.92	93.49	98.85	98.58	93.25	93.55	93.62	98.88	98.40	98.40	93.24	93.13	93.12	99.98	98.90	93.35	98.32	99.03	99.93	99.32	98.31	93.22	98.65
salm_50_genome/GCA_009365675.1_PDT000224389.2_genomic.fna	93.48	98.51	98.45	93.45	93.41	94.76	98.63	98.58	93.46	98.60	93.43	98.71	98.25	93.80	98.55	98.57	93.48	98.72	98.60	98.59	98.57	98.46	94.88	98.58	93.57	93.86	98.64	93.41	93.48	93.46	98.27	98.58	98.71	98.58	98.60	98.58	100.00	98.38	93.42	98.60	93.44	98.57	93.35	98.68	98.73	93.41	93.55	93.30	93.33	93.40	98.50	98.76	93.62	93.12	93.25	93.25	98.57	98.53	98.58	93.41	98.57	93.25	94.66	98.58	98.69	93.62	93.36	98.58	93.24	98.58	98.90	93.22	98.35	93.47	98.58	93.24	98.64	98.58	93.61	98.53	98.80	93.25	93.41	93.48	98.73	98.35	98.35	93.35	93.25	93.25	98.58	98.61	93.25	98.31	98.74	98.56	98.86	98.27	93.21	98.86
salm_50_genome/GCA_010241675.1_PDT000446425.1_genomic.fna	93.23	98.27	98.26	93.20	93.17	94.74	98.20	98.19	93.22	98.41	93.19	98.33	98.46	93.41	98.40	98.38	93.22	98.22	98.25	98.25	98.29	98.37	94.75	98.39	93.30	93.69	98.22	93.28	93.22	93.33	98.20	98.42	98.23	98.39	98.39	98.38	98.38	100.00	93.30	98.41	93.22	98.31	93.22	98.37	98.22	93.17	93.28	93.17	93.20	93.20	98.32	98.35	93.33	93.02	92.89	93.13	98.37	98.37	98.39	93.17	98.41	93.23	94.96	98.39	98.37	93.48	93.11	98.42	93.23	98.41	98.34	93.20	99.97	93.05	98.42	93.10	98.17	98.45	93.33	98.35	98.34	93.26	93.28	93.35	98.24	99.99	99.99	93.10	93.12	93.26	98.39	98.30	93.23	98.80	98.18	98.11	98.35	98.05	93.22	98.35
salm_50_genome/GCA_010369145.1_PDT000042270.4_genomic.fna	99.13	93.41	93.17	99.34	99.20	93.38	93.33	93.03	99.30	93.43	99.16	93.26	93.26	99.26	93.26	93.44	99.39	93.15	93.41	93.15	93.03	93.40	93.40	93.58	99.05	93.06	93.15	99.21	99.38	99.31	93.31	93.41	93.15	93.58	93.53	93.45	93.42	93.30	100.00	93.43	99.99	93.46	98.95	93.15	93.15	99.43	99.37	99.06	98.95	99.98	93.17	93.31	92.88	99.11	99.12	99.26	93.45	93.45	93.46	98.99	93.45	99.26	93.37	93.58	93.54	92.90	99.21	93.43	99.07	93.57	93.42	99.12	93.26	99.17	93.43	99.17	93.15	93.45	99.25	93.41	93.46	99.30	99.16	99.25	93.15	93.29	93.29	99.07	99.21	99.12	93.58	93.43	99.31	93.32	92.77	92.98	93.75	93.41	99.21	93.42
salm_50_genome/GCA_010546645.1_PDT000102410.2_genomic.fna	93.47	99.95	98.78	93.45	93.30	94.97	98.55	99.92	93.46	100.00	93.45	99.01	98.41	93.80	99.96	98.97	93.36	99.00	98.97	98.83	99.99	99.96	94.99	98.97	93.43	93.86	98.90	93.41	93.48	93.46	98.39	99.99	98.96	98.97	98.90	98.92	98.60	98.41	93.43	100.00	93.33	98.97	93.35	99.99	98.95	93.30	93.41	93.19	93.33	93.33	99.95	99.00	93.49	92.91	93.25	93.13	98.92	98.92	99.02	93.55	98.92	93.47	94.77	98.97	98.91	93.74	93.35	98.97	93.35	98.97	98.49	93.22	98.45	93.35	99.99	93.24	98.90	99.32	93.48	98.75	98.61	93.13	93.43	93.48	98.90	98.40	98.39	93.24	93.35	93.11	98.97	98.92	93.47	98.39	99.99	98.87	98.86	98.36	93.10	98.61
salm_50_genome/GCA_010606485.1_PDT000253764.2_genomic.fna	99.13	93.21	93.19	99.35	99.16	93.40	93.33	93.06	99.32	93.35	99.16	93.27	93.26	99.26	93.27	93.35	99.39	93.16	93.33	93.18	93.06	93.32	93.42	93.49	99.07	93.07	93.16	99.21	99.38	99.32	93.33	93.33	93.18	93.48	93.45	93.46	93.44	93.22	99.99	93.33	100.00	93.48	98.96	93.18	93.16	99.43	99.37	99.07	99.02	99.99	93.21	93.32	92.89	99.14	99.14	99.28	93.36	93.36	93.49	99.01	93.36	99.27	93.29	93.49	93.45	92.93	99.18	93.35	99.07	93.48	93.44	99.22	93.27	99.18	93.33	99.13	93.18	93.36	99.25	93.44	93.48	99.32	99.16	99.25	93.29	93.21	93.21	99.03	99.18	99.14	93.49	93.35	99.32	93.24	92.79	92.99	93.75	93.44	99.27	93.44
salm_50_genome/GCA_010822605.1_PDT000649592.1_genomic.fna	93.49	98.92	98.84	93.46	93.32	94.98	98.56	98.90	93.48	98.92	93.45	99.00	98.48	93.69	98.95	99.03	93.38	99.00	98.97	98.83	98.90	98.97	94.99	98.92	93.58	93.88	98.90	93.43	93.48	93.48	98.48	98.97	98.90	98.92	98.91	98.90	98.57	98.31	93.46	98.97	93.48	100.00	93.36	98.96	98.90	93.44	93.44	93.21	93.35	93.46	98.97	98.99	93.62	93.27	93.14	93.50	99.02	98.97	98.97	93.42	98.97	93.50	94.67	98.92	98.92	93.76	93.27	98.90	93.38	98.91	98.58	93.35	98.32	93.38	98.97	93.37	98.89	98.97	93.50	98.81	98.57	93.38	93.56	93.50	98.90	98.36	98.35	93.26	93.27	93.37	98.90	98.75	93.38	98.50	99.08	98.87	98.72	98.40	93.22	98.60
salm_50_genome/GCA_010845305.1_PDT000662484.1_genomic.fna	99.13	93.06	93.04	99.06	99.56	93.28	93.28	92.99	99.12	93.24	99.00	93.17	93.17	99.07	93.17	93.24	99.12	93.04	93.35	93.05	92.99	93.21	93.31	93.36	99.35	93.06	93.05	99.12	99.02	99.12	93.23	93.35	93.05	93.36	93.32	93.35	93.35	93.22	98.95	93.35	98.96	93.36	100.00	92.99	93.05	99.11	99.12	99.49	99.99	98.95	93.08	93.17	92.67	99.59	99.50	99.18	93.36	93.36	93.36	99.31	93.36	99.07	93.31	93.36	93.32	92.94	99.32	93.24	99.32	93.35	93.24	99.12	93.17	99.27	93.35	99.36	93.17	93.36	99.09	93.34	93.36	99.13	99.35	99.18	93.17	93.21	93.21	99.48	99.32	99.22	93.36	93.24	99.13	93.24	92.29	92.83	93.62	93.25	99.02	93.36
salm_50_genome/GCA_011109015.1_PDT000054102.2_genomic.fna	93.07	99.93	98.69	93.15	93.26	94.80	98.54	99.93	93.06	99.99	93.37	99.00	98.37	93.76	99.93	98.96	93.31	98.94	98.96	98.88	99.98	99.94	94.81	98.95	93.37	93.83	98.89	93.37	93.05	93.06	98.36	99.97	98.93	98.95	98.88	98.95	98.68	98.37	93.15	99.99	93.18	98.96	92.99	100.00	98.94	93.26	93.37	93.15	92.99	93.15	99.94	98.99	93.45	93.04	92.87	93.09	98.95	98.95	99.01	93.39	98.90	93.21	94.62	98.95	98.94	93.71	93.18	98.96	93.21	98.90	98.55	93.02	98.44	93.09	99.97	92.95	98.89	99.30	93.45	98.72	98.64	93.21	93.39	93.46	98.88	98.37	98.37	93.00	93.21	93.09	98.95	98.90	93.21	98.47	99.98	98.81	98.86	98.36	93.06	98.63
salm_50_genome/GCA_011270145.1_PDT000671002.1_genomic.fna	93.05	98.90	99.71	93.15	92.97	94.80	98.52	98.89	93.16	98.95	93.15	98.88	98.17	93.76	98.89	98.95	93.33	98.86	98.88	99.96	98.93	98.90	94.81	100.00	93.03	93.83	99.97	93.39	93.17	93.16	98.23	98.95	99.99	100.00	99.98	99.99	98.73	98.22	93.15	98.95	93.16	98.90	93.05	98.94	100.00	93.37	93.39	93.15	93.04	93.15	98.95	98.94	93.45	93.06	93.06	93.20	98.90	98.90	98.90	93.37	98.88	93.20	94.71	99.99	99.99	93.71	93.17	98.95	93.19	99.97	98.68	93.03	98.43	93.07	98.95	93.05	99.99	98.90	93.45	98.83	98.68	93.20	93.51	93.58	98.77	98.22	98.22	93.04	93.19	93.07	99.98	98.90	93.20	98.36	98.90	99.93	99.32	98.28	93.16	98.68
salm_50_genome/GCA_011400925.1_PDT000254112.2_genomic.fna	99.30	93.38	93.26	99.42	99.16	93.26	93.37	93.26	99.30	93.30	99.21	93.37	93.37	99.26	93.26	93.31	99.43	93.26	93.30	93.37	93.26	93.38	93.29	93.43	99.11	93.06	93.37	99.34	99.71	99.30	93.39	93.30	93.37	93.43	93.38	93.41	93.41	93.17	99.43	93.30	99.43	93.44	99.11	93.26	93.37	100.00	99.40	99.12	99.11	99.21	93.38	93.39	92.96	99.12	99.17	99.51	93.43	93.43	93.45	99.12	93.42	99.30	93.41	93.43	93.38	93.10	99.17	93.41	99.17	93.42	93.30	99.30	93.15	99.34	93.30	99.17	93.37	93.42	99.26	93.29	93.32	99.30	99.20	99.31	93.37	93.16	93.16	99.12	99.21	99.26	93.43	93.30	99.30	93.31	93.08	93.03	93.61	93.44	99.21	93.42
salm_50_genome/GCA_011479135.1_PDT000639097.1_genomic.fna	99.30	93.38	93.26	99.98	99.12	93.17	93.34	93.37	99.30	93.41	99.21	93.39	93.26	99.26	93.26	93.41	99.98	93.37	93.41	93.39	93.37	93.38	93.18	93.44	99.11	93.06	93.39	99.37	99.38	99.26	93.40	93.41	93.39	93.44	93.40	93.43	93.55	93.28	99.37	93.41	99.37	93.44	99.12	93.37	93.39	99.40	100.00	99.11	99.11	99.37	93.39	93.31	92.83	99.11	99.12	99.37	93.43	93.43	93.44	99.12	93.44	99.21	93.27	93.44	93.40	93.06	99.22	93.41	99.17	93.43	93.68	99.33	93.26	99.34	93.41	99.13	93.39	93.43	99.26	93.42	93.56	99.26	99.21	99.30	93.37	93.27	93.27	99.13	99.21	99.26	93.44	93.41	99.30	93.55	92.74	92.81	93.61	93.54	99.26	93.80
salm_50_genome/GCA_011509145.1_PDT000706084.1_genomic.fna	99.25	93.27	93.15	99.16	99.46	93.24	93.26	93.15	99.12	93.30	99.06	93.26	93.15	99.01	93.15	93.31	99.12	93.15	93.19	93.26	93.15	93.27	93.27	93.21	99.48	92.93	93.26	99.25	99.06	99.12	93.17	93.19	93.15	93.21	93.27	93.19	93.30	93.17	99.06	93.19	99.07	93.21	99.49	93.15	93.15	99.12	99.11	100.00	99.46	99.06	93.27	93.15	92.54	99.61	99.48	99.21	93.32	93.32	93.32	99.46	93.21	99.01	93.26	93.21	93.16	92.98	99.30	93.19	99.26	93.31	93.30	99.26	93.02	99.21	93.19	99.34	93.15	93.21	99.07	93.29	93.21	99.07	99.30	99.17	93.15	93.16	93.16	99.34	99.30	99.26	93.21	93.19	99.12	93.20	92.75	92.81	93.36	93.20	99.00	93.43
salm_50_genome/GCA_011609185.1_PDT000628716.1_genomic.fna	99.13	93.04	93.03	99.06	99.55	93.27	93.27	92.99	99.12	93.33	98.99	93.16	93.16	99.06	93.16	93.34	99.11	93.03	93.33	93.04	92.99	93.30	93.30	93.35	99.37	93.05	93.04	99.11	99.01	99.12	93.21	93.33	93.04	93.35	93.30	93.33	93.33	93.20	98.95	93.33	99.02	93.35	99.99	92.99	93.04	99.11	99.11	99.46	100.00	98.94	93.07	93.16	92.66	99.61	99.62	99.18	93.35	93.35	93.46	99.31	93.35	99.08	93.30	93.35	93.30	92.94	99.38	93.33	99.31	93.34	93.33	99.11	93.16	99.26	93.33	99.41	93.16	93.35	99.07	93.32	93.46	99.12	99.31	99.17	93.16	93.19	93.19	99.49	99.38	99.21	93.35	93.22	99.13	93.23	92.28	92.82	93.61	93.24	99.01	93.46
salm_50_genome/GCA_011757165.1_PDT000714315.1_genomic.fna	99.13	93.18	93.17	99.31	99.20	93.27	93.21	93.03	99.22	93.33	99.16	93.26	93.26	99.25	93.26	93.45	99.39	93.03	93.29	93.17	93.03	93.40	93.29	93.46	99.06	93.06	93.15	99.21	99.17	99.27	93.32	93.40	93.15	93.46	93.40	93.45	93.40	93.20	99.98	93.33	99.99	93.46	98.95	93.15	93.15	99.21	99.37	99.06	98.94	100.00	93.18	93.31	92.88	99.12	99.13	99.26	93.35	93.35	93.46	99.05	93.35	99.22	93.27	93.46	93.41	92.91	99.17	93.33	99.07	93.34	93.29	99.25	93.26	99.08	93.45	99.13	93.15	93.46	99.25	93.40	93.48	99.27	99.16	99.25	93.26	93.19	93.19	99.02	99.18	99.13	93.46	93.45	99.32	93.23	92.78	92.98	93.75	93.41	99.22	93.43
salm_50_genome/GCA_013240745.1_ASM1324074v1_genomic.fna	93.22	99.92	98.79	93.18	93.39	94.73	98.56	99.96	93.21	99.91	93.41	98.90	98.42	93.78	99.91	98.92	93.53	98.95	98.90	98.90	99.96	99.92	94.76	98.92	93.41	93.84	98.90	93.41	93.21	93.21	98.28	99.96	98.95	98.92	98.91	98.96	98.50	98.32	93.17	99.95	93.21	98.97	93.08	99.94	98.95	93.38	93.39	93.27	93.07	93.18	100.00	99.01	93.59	93.12	93.01	93.24	98.97	98.97	99.02	93.41	98.92	93.24	94.65	98.92	98.91	93.85	93.24	98.97	93.24	98.92	98.60	93.05	98.39	93.12	99.84	93.24	98.90	99.45	93.46	98.80	98.66	93.24	93.53	93.46	98.88	98.31	98.31	93.11	93.24	93.24	98.92	98.90	93.24	98.32	99.98	98.83	98.76	98.35	93.08	98.51
salm_50_genome/GCA_013482945.1_PDT000793930.1_genomic.fna	93.33	98.99	98.77	93.31	93.20	94.83	98.54	98.99	93.32	99.00	93.20	99.00	98.33	93.31	98.99	99.00	93.33	99.99	99.96	98.94	98.99	98.99	94.85	98.95	93.20	93.97	98.94	93.20	93.39	93.32	98.41	99.00	98.94	98.95	98.94	98.95	98.76	98.35	93.31	99.00	93.32	98.99	93.17	98.99	98.94	93.39	93.31	93.15	93.16	93.31	99.01	100.00	93.84	93.24	93.12	93.35	98.99	98.99	99.05	93.26	98.95	93.35	94.85	98.95	98.94	93.34	93.24	98.95	93.24	98.95	98.70	93.31	98.36	93.35	99.00	93.29	98.94	98.99	93.46	98.89	98.72	93.35	93.20	93.46	98.94	98.35	98.36	93.23	93.24	93.24	98.95	98.94	93.35	98.47	99.05	98.76	98.82	98.45	93.32	98.78
salm_50_genome/GCA_013553575.1_PDT000794173.1_genomic.fna	92.74	93.46	93.31	92.82	92.60	96.64	93.46	93.45	92.89	93.62	92.72	93.58	93.57	92.88	93.70	93.61	92.72	93.70	93.74	93.33	93.58	93.59	96.66	93.49	92.60	99.95	93.45	92.72	92.93	92.88	93.72	93.62	93.45	93.49	93.45	93.48	93.62	93.33	92.88	93.49	92.89	93.62	92.67	93.45	93.45	92.96	92.83	92.54	92.66	92.88	93.59	93.84	100.00	92.76	92.90	92.64	93.62	93.62	93.75	92.60	93.75	92.92	96.86	93.49	93.46	99.97	92.75	93.62	92.63	93.49	93.37	92.72	93.33	92.76	93.74	92.87	93.45	93.75	93.09	93.88	93.75	92.93	92.60	92.93	93.70	93.34	93.34	92.64	92.76	92.76	93.63	93.49	92.92	93.36	93.14	93.10	93.91	93.62	92.92	93.80
salm_50_genome/GCA_013558115.1_PDT000787574.1_genomic.fna	99.28	93.06	93.08	99.12	99.55	93.10	93.25	93.04	99.07	93.12	99.17	93.20	93.19	99.11	93.19	93.25	99.11	93.06	93.13	93.21	93.07	93.06	93.23	93.26	99.61	93.09	93.20	99.26	99.13	99.13	93.13	93.25	93.09	93.26	93.12	93.10	93.12	93.02	99.11	92.91	99.14	93.27	99.59	93.04	93.06	99.12	99.11	99.61	99.61	99.12	93.12	93.24	92.76	100.00	99.50	99.18	93.26	93.26	93.25	99.60	93.27	99.03	93.21	93.26	93.12	92.93	99.14	93.12	99.36	93.25	93.25	99.27	93.07	99.28	93.07	99.18	93.09	93.26	99.10	93.12	93.27	99.09	99.30	99.16	93.21	93.06	93.06	99.50	99.22	99.27	93.27	93.12	99.09	93.25	92.10	92.79	93.52	93.25	99.02	93.25
salm_50_genome/GCA_013810005.1_PDT000747710.1_genomic.fna	99.23	93.01	92.95	99.08	99.57	93.20	93.13	92.87	99.03	93.24	99.21	93.07	93.18	99.07	93.19	93.25	99.11	92.96	93.25	93.18	92.98	92.98	93.07	93.14	99.57	93.09	93.19	99.31	99.14	99.08	93.24	93.25	93.00	93.14	93.09	93.13	93.25	92.89	99.12	93.25	99.14	93.14	99.50	92.87	93.06	99.17	99.12	99.48	99.62	99.13	93.01	93.12	92.90	99.50	100.00	99.28	93.26	93.26	93.27	99.48	93.26	99.13	93.31	93.14	93.09	93.08	99.13	93.25	99.39	93.25	93.25	99.35	93.05	99.39	93.24	99.45	93.08	93.27	99.06	93.13	93.27	99.08	99.37	99.20	93.09	92.88	92.88	99.48	99.32	99.42	93.26	93.12	99.03	93.25	92.56	92.71	93.27	93.25	99.02	93.25
salm_50_genome/GCA_014052845.1_PDT000801420.1_genomic.fna	99.22	93.12	93.23	99.38	99.30	93.24	93.25	93.09	99.32	93.25	99.12	93.30	93.30	99.21	93.30	93.48	99.36	93.07	93.25	93.21	93.09	93.24	93.24	93.50	99.07	93.09	93.20	99.26	99.41	99.32	93.26	93.25	93.21	93.50	93.12	93.25	93.25	93.13	99.26	93.13	99.28	93.50	99.18	93.09	93.20	99.51	99.37	99.21	99.18	99.26	93.24	93.35	92.64	99.18	99.28	100.00	93.48	93.49	93.61	99.07	93.50	99.22	93.22	93.49	93.12	92.89	99.08	93.47	99.14	93.49	93.49	99.31	93.19	99.22	93.25	99.23	93.21	93.50	99.30	93.13	93.48	99.28	99.17	99.29	93.21	93.24	93.24	99.14	99.18	99.32	93.50	93.36	99.28	93.36	92.56	93.15	93.52	93.61	99.18	93.49
salm_50_genome/GCA_014213695.1_PDT000810249.1_genomic.fna	93.48	98.92	98.69	93.35	93.43	94.99	98.46	98.96	93.48	98.91	93.45	99.00	98.45	93.56	99.00	98.92	93.50	98.90	98.97	98.88	98.90	98.97	95.00	98.90	93.58	93.88	98.90	93.44	93.48	93.48	98.42	98.97	98.90	98.81	98.85	98.90	98.57	98.37	93.45	98.92	93.36	99.02	93.36	98.95	98.90	93.43	93.43	93.32	93.35	93.35	98.97	98.99	93.62	93.26	93.26	93.48	100.00	100.00	99.02	93.44	98.86	93.49	94.67	98.92	98.81	93.89	93.38	98.80	93.48	98.86	98.49	93.35	98.34	93.37	98.92	93.37	98.88	98.92	93.38	98.86	98.60	93.38	93.44	93.50	98.90	98.37	98.36	93.26	93.27	93.26	98.81	98.80	93.38	98.50	99.03	98.87	98.81	98.33	93.09	98.65
salm_50_genome/GCA_014246215.1_PDT000814964.1_genomic.fna	93.48	98.92	98.69	93.35	93.43	94.99	98.46	98.96	93.48	98.91	93.45	99.00	98.45	93.56	99.00	98.92	93.50	98.90	98.97	98.88	98.90	98.97	95.00	98.90	93.58	93.88	98.90	93.44	93.48	93.48	98.42	98.97	98.90	98.81	98.85	98.90	98.53	98.37	93.45	98.92	93.36	98.97	93.36	98.95	98.90	93.43	93.43	93.32	93.35	93.35	98.97	98.99	93.62	93.26	93.26	93.49	100.00	100.00	98.97	93.56	98.80	93.49	94.67	98.90	98.85	93.89	93.38	98.80	93.48	98.86	98.49	93.46	98.34	93.48	98.97	93.37	98.83	98.97	93.38	98.86	98.57	93.48	93.56	93.50	98.90	98.35	98.35	93.26	93.27	93.37	98.80	98.81	93.49	98.50	99.03	98.87	98.81	98.45	93.22	98.58
salm_50_genome/GCA_014253585.1_PDT000816468.1_genomic.fna	93.50	99.02	98.84	93.46	93.43	94.97	98.59	99.00	93.49	99.02	93.46	99.99	98.49	93.82	99.01	99.03	93.50	99.01	99.02	98.90	98.96	99.02	94.99	98.90	93.46	93.88	98.95	93.43	93.49	93.61	98.41	99.03	98.90	98.92	98.92	98.90	98.58	98.39	93.46	99.02	93.49	98.97	93.36	99.01	98.90	93.45	93.44	93.32	93.46	93.46	99.02	99.05	93.75	93.25	93.27	93.61	99.02	98.97	100.00	93.56	98.92	93.50	94.66	98.90	98.92	93.89	93.49	98.92	93.49	98.91	98.61	93.35	98.41	93.37	99.08	93.37	98.88	99.02	93.50	98.92	98.61	93.48	93.56	93.76	98.95	98.41	98.39	93.26	93.27	93.25	98.86	98.91	93.50	98.53	99.09	98.83	98.77	98.41	93.24	98.65
salm_50_genome/GCA_014937925.1_PDT000863026.1_genomic.fna	99.30	93.38	93.15	99.16	99.48	93.24	93.21	93.39	99.06	93.55	99.01	93.51	93.15	99.06	93.26	93.43	99.12	93.37	93.30	93.26	93.39	93.38	93.27	93.31	99.98	93.06	93.26	99.30	99.07	99.01	93.39	93.43	93.26	93.31	93.27	93.30	93.41	93.17	98.99	93.55	99.01	93.42	99.31	93.39	93.37	99.12	99.12	99.46	99.31	99.05	93.41	93.26	92.60	99.60	99.48	99.07	93.44	93.56	93.56	100.00	93.43	99.01	93.25	93.31	93.38	93.06	99.21	93.41	99.34	93.41	93.43	99.30	93.26	99.25	93.43	99.35	93.39	93.31	99.06	93.40	93.42	99.11	99.37	99.16	93.39	93.16	93.16	99.43	99.30	99.40	93.44	93.41	99.11	93.19	92.86	92.97	93.61	93.43	98.90	93.42
salm_50_genome/GCA_015085155.1_PDT000856529.1_genomic.fna	93.51	98.90	98.61	93.46	93.32	94.86	98.59	98.90	93.48	98.86	93.34	98.90	98.39	93.82	98.90	98.92	93.50	98.90	98.92	98.83	98.89	98.90	94.99	98.90	93.46	93.88	98.88	93.42	93.48	93.49	98.42	98.90	98.89	98.86	98.85	98.86	98.57	98.41	93.45	98.92	93.36	98.97	93.36	98.90	98.88	93.42	93.44	93.21	93.35	93.35	98.92	98.95	93.75	93.27	93.26	93.50	98.86	98.80	98.92	93.43	100.00	93.49	94.76	98.90	98.90	93.89	93.38	98.74	93.48	98.86	98.52	93.46	98.39	93.49	98.91	93.38	98.83	98.90	93.50	98.80	98.58	93.49	93.56	93.76	99.92	98.35	98.35	93.26	93.27	93.27	98.81	98.70	93.49	98.57	99.02	98.72	98.86	98.43	93.22	98.61
salm_50_genome/GCA_015130155.1_PDT000871564.1_genomic.fna	99.18	93.21	93.18	99.18	99.07	93.33	93.50	93.18	99.23	93.25	99.17	93.20	93.30	99.30	93.30	93.36	99.25	93.20	93.25	93.29	93.21	93.21	93.24	93.38	99.00	93.20	93.31	99.21	99.14	99.27	93.24	93.24	93.18	93.38	93.24	93.25	93.25	93.23	99.26	93.47	99.27	93.50	99.07	93.21	93.20	99.30	99.21	99.01	99.08	99.22	93.24	93.35	92.92	99.03	99.13	99.22	93.49	93.49	93.50	99.01	93.49	100.00	93.21	93.38	93.10	93.09	99.09	93.35	99.03	93.36	93.49	99.21	93.30	99.22	93.24	99.08	93.21	93.38	99.25	93.45	93.38	99.23	99.12	99.29	93.32	93.22	93.22	99.02	99.03	99.08	93.38	93.35	99.23	93.36	93.03	93.05	93.78	93.48	99.28	93.49
salm_50_genome/GCA_015909345.1_PDT000908077.1_genomic.fna	93.32	94.65	94.63	93.19	93.14	99.39	94.65	94.62	93.29	94.66	93.26	94.81	94.90	93.76	94.81	94.75	93.34	94.81	94.77	94.59	94.62	94.76	99.32	94.67	93.29	96.78	94.59	93.26	93.42	93.31	94.63	94.77	94.84	94.67	94.65	94.66	94.66	94.96	93.37	94.77	93.29	94.67	93.31	94.62	94.71	93.41	93.27	93.26	93.30	93.27	94.65	94.85	96.86	93.21	93.31	93.22	94.67	94.67	94.66	93.25	94.76	93.21	100.00	94.67	94.83	97.01	93.33	94.77	93.33	94.66	94.66	93.30	94.92	93.32	94.77	93.33	94.62	94.67	93.47	94.66	94.67	93.33	93.38	93.48	94.95	94.84	94.84	93.22	93.09	93.23	94.67	94.77	93.33	94.66	94.89	94.32	94.89	94.74	93.31	94.77
salm_50_genome/GCA_016273905.1_PDT000455324.1_genomic.fna	93.50	98.85	99.77	93.46	93.32	94.77	98.56	98.95	93.48	98.97	93.46	98.95	98.45	93.82	98.90	98.97	93.50	98.90	98.90	99.99	98.95	98.92	95.00	99.99	93.58	93.88	99.99	93.44	93.49	93.49	98.45	98.97	99.99	99.99	99.99	99.99	98.58	98.39	93.58	98.97	93.49	98.92	93.36	98.95	99.99	93.43	93.44	93.21	93.35	93.46	98.92	98.95	93.49	93.26	93.14	93.49	98.92	98.90	98.90	93.31	98.90	93.38	94.67	100.00	99.99	93.76	93.38	98.97	93.49	99.99	98.58	93.35	98.45	93.37	98.97	93.37	99.99	98.92	93.50	98.90	98.57	93.37	93.56	93.76	98.88	98.42	98.42	93.37	93.14	93.26	100.00	98.86	93.49	98.47	99.03	99.94	99.34	98.22	93.10	98.61
salm_50_genome/GCA_016275145.1_PDT000920997.1_genomic.fna	93.10	98.84	99.77	93.41	93.27	94.72	98.53	98.94	93.21	98.92	93.40	98.94	98.44	93.77	98.90	98.92	93.34	98.89	98.89	99.98	98.94	98.91	94.95	100.00	93.54	93.84	99.97	93.40	93.45	93.45	98.35	98.91	99.99	99.99	99.97	99.99	98.69	98.37	93.54	98.91	93.45	98.92	93.32	98.94	99.99	93.38	93.40	93.16	93.30	93.41	98.91	98.94	93.46	93.12	93.09	93.12	98.81	98.85	98.92	93.38	98.90	93.10	94.83	99.99	100.00	93.71	93.10	98.91	93.22	99.95	98.64	93.30	98.41	93.10	98.91	93.22	99.99	98.81	93.59	98.84	98.62	93.24	93.52	93.71	98.87	98.37	98.27	93.32	93.10	93.24	99.98	98.90	93.22	98.38	99.02	99.93	99.31	98.29	93.21	98.69
salm_50_genome/GCA_016311625.1_PDT000921859.1_genomic.fna	93.06	93.71	93.59	93.04	93.04	96.65	93.59	93.84	92.92	93.74	92.92	93.84	93.84	93.06	93.71	93.88	93.09	93.71	93.74	93.71	93.71	93.72	96.66	93.76	92.93	99.93	93.71	93.05	92.97	93.05	93.85	93.74	93.71	93.76	93.71	93.75	93.62	93.48	92.90	93.74	92.93	93.76	92.94	93.71	93.71	93.10	93.06	92.98	92.94	92.91	93.85	93.34	99.97	92.93	93.08	92.89	93.89	93.89	93.89	93.06	93.89	93.09	97.01	93.76	93.71	100.00	93.08	93.75	93.08	93.75	93.49	93.04	93.46	93.09	93.74	92.93	93.71	93.89	93.08	93.86	93.89	92.95	93.06	92.93	93.71	93.46	93.46	92.96	93.09	93.09	93.76	93.75	93.07	93.49	93.25	93.10	93.91	93.73	93.08	93.80
salm_50_genome/GCA_016359465.1_PDT000266244.2_genomic.fna	99.32	93.21	93.06	99.17	99.34	93.21	93.37	93.18	99.07	93.35	99.26	93.18	93.29	99.11	93.30	93.36	99.21	93.18	93.36	93.18	93.06	93.09	93.22	93.38	99.31	93.20	93.17	99.30	99.13	99.14	93.35	93.47	93.18	93.38	93.21	93.36	93.36	93.11	99.21	93.35	99.18	93.27	99.32	93.18	93.17	99.17	99.22	99.30	99.38	99.17	93.24	93.24	92.75	99.14	99.13	99.08	93.38	93.38	93.49	99.21	93.38	99.09	93.33	93.38	93.10	93.08	100.00	93.35	99.32	93.36	93.36	99.31	93.00	99.23	93.47	99.22	93.19	93.37	99.11	93.23	93.49	99.08	99.44	99.25	93.21	93.04	93.07	99.28	99.98	99.28	93.38	93.24	99.08	93.36	93.38	93.04	93.39	93.38	99.08	93.36
salm_50_genome/GCA_016619485.1_PDT000931453.1_genomic.fna	93.48	98.97	98.89	93.45	93.30	94.87	98.50	98.90	93.60	98.92	93.43	98.96	98.44	93.68	98.95	98.92	93.36	98.90	98.92	98.88	99.00	98.97	94.99	98.97	93.43	93.86	98.84	93.43	93.48	93.46	98.31	98.90	98.96	98.92	98.85	98.92	98.58	98.42	93.43	98.97	93.35	98.90	93.24	98.96	98.95	93.41	93.41	93.19	93.33	93.33	98.97	98.95	93.62	93.12	93.25	93.47	98.80	98.80	98.92	93.41	98.74	93.35	94.77	98.97	98.91	93.75	93.35	100.00	93.47	98.86	98.51	93.45	98.45	93.47	98.90	93.35	98.90	98.90	93.48	98.80	98.50	93.25	93.55	93.49	98.78	98.39	98.39	93.12	93.24	93.24	98.92	98.91	93.35	98.37	98.97	98.87	98.86	98.33	93.09	98.58
salm_50_genome/GCA_017183295.1_PDT000944608.1_genomic.fna	99.32	93.12	93.10	99.13	99.34	93.22	93.36	93.21	99.13	93.35	99.11	93.19	93.18	99.11	93.30	93.36	99.20	93.19	93.25	93.18	93.09	93.06	93.23	93.49	99.37	93.09	93.30	99.31	99.08	99.14	93.24	93.24	93.21	93.49	93.24	93.47	93.24	93.23	99.07	93.35	99.07	93.38	99.32	93.21	93.19	99.17	99.17	99.26	99.31	99.07	93.24	93.24	92.63	99.36	99.39	99.14	93.48	93.48	93.49	99.34	93.48	99.03	93.33	93.49	93.22	93.08	99.32	93.47	100.00	93.48	93.47	99.31	93.18	99.14	93.12	99.27	93.21	93.38	99.11	93.47	93.49	99.18	99.96	99.16	93.32	93.09	93.10	99.23	99.32	99.45	93.50	93.35	99.13	93.25	92.81	92.99	93.52	93.49	99.13	93.47
salm_50_genome/GCA_017811395.1_PDT001000463.1_genomic.fna	93.49	98.85	99.77	93.45	93.31	94.87	98.55	98.95	93.46	98.97	93.44	98.95	98.41	93.81	98.90	98.91	93.37	98.90	98.90	99.99	98.95	98.92	94.88	99.99	93.57	93.87	99.98	93.43	93.48	93.46	98.40	98.92	99.97	99.98	99.98	99.97	98.58	98.41	93.57	98.97	93.48	98.91	93.35	98.90	99.97	93.42	93.43	93.31	93.34	93.34	98.92	98.95	93.49	93.25	93.25	93.49	98.86	98.86	98.91	93.41	98.86	93.36	94.66	99.99	99.95	93.75	93.36	98.86	93.48	100.00	98.57	93.34	98.36	93.36	98.92	93.36	99.96	98.80	93.49	98.86	98.61	93.36	93.55	93.49	98.88	98.43	98.37	93.36	93.25	93.25	99.98	98.86	93.47	98.36	99.03	99.92	99.44	98.26	93.22	98.61
salm_50_genome/GCA_017923555.1_PDT001004698.1_genomic.fna	93.58	98.41	98.46	93.30	93.41	94.65	98.59	98.59	93.58	98.47	93.43	98.73	98.29	93.68	98.51	98.57	93.61	98.51	98.70	98.59	98.57	98.49	94.66	98.58	93.57	93.86	98.63	93.41	93.46	93.46	98.43	98.66	98.72	98.58	98.64	98.65	98.90	98.34	93.42	98.49	93.44	98.58	93.24	98.55	98.68	93.30	93.68	93.30	93.33	93.29	98.60	98.70	93.37	93.25	93.25	93.49	98.49	98.49	98.61	93.43	98.52	93.49	94.66	98.58	98.64	93.49	93.36	98.51	93.47	98.57	100.00	93.40	98.38	93.35	98.73	93.35	98.55	98.57	93.48	98.65	98.73	93.07	93.55	93.48	98.72	98.30	98.29	93.24	93.25	93.36	98.57	98.58	93.48	98.24	98.86	98.60	98.86	98.26	93.04	98.80
salm_50_genome/GCA_017957335.1_PDT001005597.1_genomic.fna	99.56	93.18	92.99	99.26	99.37	93.16	93.21	93.03	99.27	93.22	99.16	93.15	93.26	99.21	93.26	93.34	99.33	93.03	93.22	93.16	93.02	93.30	93.18	93.35	99.36	93.06	93.15	99.98	99.22	99.26	93.21	93.33	93.04	93.35	93.29	93.33	93.22	93.20	99.12	93.22	99.22	93.35	99.12	93.02	93.03	99.30	99.33	99.26	99.11	99.25	93.05	93.31	92.72	99.27	99.35	99.31	93.35	93.46	93.35	99.30	93.46	99.21	93.30	93.35	93.30	93.04	99.31	93.45	99.31	93.34	93.40	100.00	93.15	99.92	93.33	99.27	93.03	93.35	99.25	93.32	93.24	99.22	99.33	99.29	93.15	93.19	93.19	99.22	99.31	99.58	93.35	93.45	99.27	93.23	92.45	92.98	93.36	93.30	99.18	93.29
salm_50_genome/GCA_018975485.1_PDT001072729.1_genomic.fna	93.17	98.37	98.22	93.26	93.15	94.69	98.20	98.36	93.27	98.45	93.15	98.39	98.57	93.39	98.42	98.44	93.20	98.19	98.26	98.32	98.43	98.38	94.70	98.45	93.15	93.67	98.34	93.15	93.05	93.27	98.16	98.41	98.42	98.44	98.35	98.43	98.35	99.97	93.26	98.45	93.27	98.32	93.17	98.44	98.43	93.15	93.26	93.02	93.16	93.26	98.39	98.36	93.33	93.07	93.05	93.19	98.34	98.34	98.41	93.26	98.39	93.30	94.92	98.45	98.41	93.46	93.00	98.45	93.18	98.36	98.38	93.15	100.00	93.19	98.39	93.17	98.42	98.47	93.20	98.37	98.29	93.30	93.26	93.31	98.00	99.98	99.98	93.06	93.19	93.30	98.44	98.34	93.30	98.79	98.48	98.10	98.35	98.06	93.27	98.40
salm_50_genome/GCA_019180895.1_PDT001084474.1_genomic.fna	99.39	93.06	93.00	99.27	99.34	93.22	93.25	93.08	99.28	93.35	99.17	93.19	93.30	99.21	93.30	93.36	99.33	93.07	93.35	93.18	93.03	93.09	93.11	93.38	99.26	93.09	93.19	99.90	99.27	99.27	93.35	93.35	93.06	93.37	93.01	93.35	93.47	93.05	99.17	93.35	99.18	93.38	99.27	93.09	93.07	99.34	99.34	99.21	99.26	99.08	93.12	93.35	92.76	99.28	99.39	99.22	93.37	93.48	93.37	99.25	93.49	99.22	93.32	93.37	93.10	93.09	99.23	93.47	99.14	93.36	93.35	99.92	93.19	100.00	93.47	99.32	93.09	93.48	99.25	93.35	93.38	99.28	99.26	99.29	93.21	93.04	93.10	99.22	99.32	99.45	93.37	93.35	99.28	93.36	92.56	92.99	93.39	93.36	99.18	93.49
salm_50_genome/GCA_019199935.1_PDT001086278.1_genomic.fna	93.47	99.91	98.73	93.33	93.41	94.97	98.54	99.85	93.48	99.92	93.43	99.01	98.37	93.80	99.93	98.97	93.36	99.00	98.97	98.89	99.92	99.91	94.99	98.97	93.43	93.86	98.95	93.41	93.48	93.46	98.42	99.97	98.96	98.97	98.92	98.97	98.58	98.42	93.43	99.99	93.33	98.97	93.35	99.97	98.95	93.30	93.41	93.19	93.33	93.45	99.84	99.00	93.74	93.07	93.24	93.25	98.92	98.97	99.08	93.43	98.91	93.24	94.77	98.97	98.91	93.74	93.47	98.90	93.12	98.92	98.73	93.33	98.39	93.47	100.00	93.24	98.89	99.42	93.49	98.86	98.61	93.25	93.55	93.49	98.88	98.36	98.36	93.24	93.12	93.25	98.97	98.92	93.24	98.35	99.97	98.83	98.86	98.37	93.21	98.58
salm_50_genome/GCA_019500005.1_PDT001106087.1_genomic.fna	99.23	92.98	93.06	99.12	99.44	93.20	93.24	93.00	99.07	93.24	99.26	93.18	93.18	99.08	93.17	93.36	99.13	93.06	93.12	93.18	93.00	93.09	93.23	93.37	99.41	93.09	93.18	99.27	99.14	99.14	93.12	93.24	93.06	93.37	93.09	93.35	93.24	93.10	99.17	93.24	99.13	93.37	99.36	92.95	93.05	99.17	99.13	99.34	99.41	99.13	93.24	93.29	92.87	99.18	99.45	99.23	93.37	93.37	93.37	99.35	93.38	99.08	93.33	93.37	93.22	92.93	99.22	93.35	99.27	93.36	93.35	99.27	93.17	99.32	93.24	100.00	93.18	93.26	99.10	93.23	93.37	99.02	99.31	99.20	93.18	93.04	93.04	99.27	99.23	99.28	93.37	93.35	99.08	93.36	92.39	92.71	93.39	93.38	99.09	93.35
salm_50_genome/GCA_019668065.1_PDT001110507.1_genomic.fna	93.19	98.89	99.75	93.15	93.26	94.69	98.53	98.89	93.18	98.90	93.37	98.93	98.43	93.76	98.89	98.90	93.33	98.89	98.88	99.95	98.89	98.89	94.71	99.99	93.51	93.83	99.96	93.39	93.17	93.18	98.23	98.90	99.99	99.99	99.96	99.99	98.64	98.17	93.15	98.90	93.18	98.89	93.17	98.89	99.99	93.37	93.39	93.15	93.16	93.15	98.90	98.94	93.45	93.09	93.08	93.21	98.88	98.83	98.88	93.39	98.83	93.21	94.62	99.99	99.99	93.71	93.19	98.90	93.21	99.96	98.55	93.03	98.42	93.09	98.89	93.18	100.00	98.88	93.45	98.77	98.60	93.21	93.51	93.70	98.86	98.16	98.16	93.06	93.21	93.09	99.98	98.89	93.21	98.32	99.01	99.93	99.32	98.28	93.18	98.63
salm_50_genome/GCA_020814195.1_PDT001172245.1_genomic.fna	93.50	99.32	98.74	93.46	93.43	94.88	98.48	99.34	93.48	99.28	93.45	99.01	98.39	93.82	99.37	99.02	93.38	98.95	98.97	98.78	99.26	99.39	95.00	98.90	93.45	93.88	98.88	93.44	93.48	93.49	98.42	99.42	98.95	98.86	98.91	98.92	98.58	98.45	93.45	99.32	93.36	98.97	93.36	99.30	98.90	93.42	93.43	93.21	93.35	93.46	99.45	98.99	93.75	93.26	93.27	93.50	98.92	98.97	99.02	93.31	98.90	93.38	94.67	98.92	98.81	93.89	93.37	98.90	93.38	98.80	98.57	93.35	98.47	93.48	99.42	93.26	98.88	100.00	93.50	98.86	98.61	93.37	93.56	93.63	98.90	98.39	98.38	93.26	93.26	93.14	98.81	98.75	93.49	98.49	99.50	98.83	98.72	98.47	93.10	98.65
salm_50_genome/GCA_020947485.1_PDT001175851.1_genomic.fna	99.21	93.46	93.33	99.25	98.99	93.45	93.46	93.46	99.88	93.48	99.20	93.45	93.31	99.25	93.46	93.49	99.26	93.45	93.48	93.46	93.46	93.46	93.48	93.50	99.06	93.06	93.45	99.25	99.25	99.89	93.48	93.48	93.45	93.50	93.46	93.49	93.61	93.33	99.25	93.48	99.25	93.50	99.09	93.45	93.45	99.26	99.26	99.07	99.07	99.25	93.46	93.46	93.09	99.10	99.06	99.30	93.38	93.38	93.50	99.06	93.50	99.25	93.47	93.50	93.59	93.08	99.11	93.48	99.11	93.49	93.48	99.25	93.20	99.25	93.49	99.10	93.45	93.50	100.00	93.36	93.50	99.83	99.11	99.27	93.45	93.32	93.32	99.06	99.11	99.16	93.50	93.49	99.83	93.37	93.15	91.44	93.62	93.50	99.30	93.63
salm_50_genome/GCA_021468745.1_PDT001222260.1_genomic.fna	93.33	98.72	98.68	93.32	93.29	94.85	98.62	98.83	93.33	98.75	93.31	98.78	98.40	93.67	98.77	98.73	93.34	98.88	98.81	98.78	98.73	98.73	94.97	98.90	93.56	93.99	98.83	93.40	93.47	93.34	98.43	98.90	98.84	98.90	98.80	98.85	98.53	98.35	93.41	98.75	93.44	98.81	93.34	98.72	98.83	93.29	93.42	93.29	93.32	93.40	98.80	98.89	93.88	93.12	93.13	93.13	98.86	98.86	98.92	93.40	98.80	93.45	94.66	98.90	98.84	93.86	93.23	98.80	93.47	98.86	98.65	93.32	98.37	93.35	98.86	93.23	98.77	98.86	93.36	100.00	98.60	93.26	93.42	93.48	98.73	98.34	98.34	93.23	93.24	93.26	98.90	98.86	93.36	98.28	98.73	98.72	98.81	98.30	93.22	98.61
salm_50_genome/GCA_022224845.1_PDT001249147.1_genomic.fna	93.48	98.62	98.56	93.46	93.43	94.86	98.59	98.68	93.61	98.65	93.46	98.64	98.21	93.82	98.64	98.58	93.50	98.64	98.65	98.60	98.57	98.53	94.88	98.65	93.46	94.02	98.60	93.43	93.49	93.61	98.49	98.60	98.68	98.60	98.62	98.58	98.80	98.34	93.46	98.61	93.48	98.57	93.36	98.64	98.68	93.32	93.56	93.21	93.46	93.48	98.66	98.72	93.75	93.27	93.27	93.48	98.60	98.57	98.61	93.42	98.58	93.38	94.67	98.57	98.62	93.89	93.49	98.50	93.49	98.61	98.73	93.24	98.29	93.38	98.61	93.37	98.60	98.61	93.50	98.60	100.00	93.49	93.56	93.50	98.60	98.29	98.28	93.26	93.38	93.26	98.61	98.57	93.49	98.38	98.75	98.63	98.81	98.49	93.04	98.97
salm_50_genome/GCA_022369715.1_PDT001252809.1_genomic.fna	99.14	93.24	93.23	99.26	99.12	93.22	93.36	93.21	99.73	93.25	99.25	93.19	93.30	99.30	93.30	93.36	99.29	93.20	93.25	93.21	93.21	93.24	93.23	93.37	99.11	93.09	93.20	99.26	99.22	99.86	93.24	93.25	93.21	93.37	93.12	93.25	93.25	93.26	99.30	93.13	99.32	93.38	99.13	93.21	93.20	99.30	99.26	99.07	99.12	99.27	93.24	93.35	92.93	99.09	99.08	99.28	93.38	93.48	93.48	99.11	93.49	99.23	93.33	93.37	93.24	92.95	99.08	93.25	99.18	93.36	93.07	99.22	93.30	99.28	93.25	99.02	93.21	93.37	99.83	93.26	93.49	100.00	99.20	99.25	93.21	93.24	93.24	99.08	99.03	99.13	93.48	93.10	99.94	93.36	92.77	93.00	93.65	93.36	99.36	93.48
salm_50_genome/GCA_023052335.1_PDT001290372.1_genomic.fna	99.34	93.40	93.26	99.25	99.30	93.39	93.33	93.51	99.20	93.43	99.12	93.51	93.37	99.16	93.51	93.55	99.22	93.39	93.43	93.51	93.39	93.52	93.40	93.56	99.37	93.06	93.51	99.34	99.13	99.11	93.40	93.43	93.51	93.56	93.52	93.55	93.41	93.28	99.16	93.43	99.16	93.56	99.35	93.39	93.51	99.20	99.21	99.30	99.31	99.16	93.53	93.20	92.60	99.30	99.37	99.17	93.44	93.56	93.56	99.37	93.56	99.12	93.38	93.56	93.52	93.06	99.44	93.55	99.96	93.55	93.55	99.33	93.26	99.26	93.55	99.31	93.51	93.56	99.11	93.42	93.56	99.20	100.00	99.16	93.51	93.27	93.27	99.26	99.43	99.43	93.56	93.43	99.20	93.41	93.31	93.01	93.49	93.44	99.11	93.53
salm_50_genome/GCA_023057475.1_PDT001290553.1_genomic.fna	99.25	93.47	93.34	99.30	99.16	93.33	93.59	93.46	99.25	93.48	99.26	93.58	93.33	99.30	93.46	93.49	99.30	93.45	93.48	93.59	93.45	93.47	93.36	93.63	99.16	93.06	93.58	99.30	99.25	99.25	93.36	93.49	93.58	93.63	93.59	93.62	93.48	93.35	99.25	93.48	99.25	93.50	99.18	93.46	93.58	99.31	99.30	99.17	99.17	99.25	93.46	93.46	92.93	99.16	99.20	99.29	93.50	93.50	93.76	99.16	93.76	99.29	93.48	93.76	93.71	92.93	99.25	93.49	99.16	93.49	93.48	99.29	93.31	99.29	93.49	99.20	93.70	93.63	99.27	93.48	93.50	99.25	99.16	100.00	93.58	93.34	93.34	99.21	99.25	99.25	93.76	93.74	99.25	93.49	93.15	91.56	93.37	93.50	99.29	93.79
salm_50_genome/GCA_023071875.1_PDT001291326.1_genomic.fna	93.19	98.82	98.76	93.15	93.03	94.90	98.52	98.86	93.29	98.88	93.15	98.86	98.21	93.51	98.86	98.88	93.45	98.86	98.90	98.81	98.89	98.87	94.91	98.88	93.15	93.83	98.86	93.37	93.17	93.29	98.34	98.90	98.81	98.88	98.87	98.88	98.73	98.24	93.15	98.90	93.29	98.90	93.17	98.88	98.77	93.37	93.37	93.15	93.16	93.26	98.88	98.94	93.70	93.21	93.09	93.21	98.90	98.90	98.95	93.39	99.92	93.32	94.95	98.88	98.87	93.71	93.21	98.78	93.32	98.88	98.72	93.15	98.00	93.21	98.88	93.18	98.86	98.90	93.45	98.73	98.60	93.21	93.51	93.58	100.00	98.24	98.24	93.21	93.21	93.21	98.88	98.79	93.32	98.30	98.19	98.70	98.67	98.24	93.31	98.68
salm_50_genome/GCA_023181095.1_PDT001295528.1_genomic.fna	93.10	98.26	98.26	93.19	93.16	94.73	98.21	98.19	93.21	98.39	93.18	98.33	98.47	93.40	98.42	98.38	93.21	98.24	98.25	98.25	98.29	98.31	94.74	98.41	93.29	93.81	98.24	93.27	93.21	93.43	98.17	98.36	98.23	98.41	98.27	98.40	98.35	99.99	93.29	98.40	93.21	98.36	93.21	98.37	98.22	93.16	93.27	93.16	93.19	93.19	98.31	98.35	93.34	93.06	92.88	93.24	98.37	98.35	98.41	93.16	98.35	93.22	94.84	98.42	98.37	93.46	93.04	98.39	93.09	98.43	98.30	93.19	99.98	93.04	98.36	93.04	98.16	98.39	93.32	98.34	98.29	93.24	93.27	93.34	98.24	100.00	100.00	93.03	93.06	93.24	98.38	98.31	93.22	98.74	98.19	98.11	98.35	98.07	93.08	98.36
salm_50_genome/GCA_023182235.1_PDT001295471.1_genomic.fna	93.32	98.26	98.26	93.19	93.16	94.73	98.21	98.19	93.21	98.39	93.18	98.33	98.47	93.40	98.42	98.38	93.21	98.25	98.23	98.24	98.29	98.31	94.63	98.41	93.29	93.81	98.24	93.27	93.21	93.43	98.17	98.36	98.23	98.41	98.27	98.40	98.35	99.99	93.29	98.39	93.21	98.35	93.21	98.37	98.22	93.16	93.27	93.16	93.19	93.19	98.31	98.36	93.34	93.06	92.88	93.24	98.36	98.35	98.39	93.16	98.35	93.22	94.84	98.42	98.27	93.46	93.07	98.39	93.10	98.37	98.29	93.19	99.98	93.10	98.36	93.04	98.16	98.38	93.32	98.34	98.28	93.24	93.27	93.34	98.24	100.00	100.00	93.06	93.10	93.22	98.37	98.31	93.22	98.74	98.19	98.11	98.35	98.07	93.08	98.36
salm_50_genome/GCA_023803015.1_PDT001328056.1_genomic.fna	99.14	93.03	93.00	99.08	99.57	93.32	93.14	93.00	99.08	93.24	99.12	93.18	93.18	99.06	93.18	93.25	99.11	93.05	93.24	93.04	92.95	93.21	93.34	93.37	99.44	93.09	93.05	99.25	99.02	99.08	93.24	93.24	93.00	93.37	93.32	93.24	93.35	93.10	99.07	93.24	99.03	93.26	99.48	93.00	93.04	99.12	99.13	99.34	99.49	99.02	93.11	93.23	92.64	99.50	99.48	99.14	93.26	93.26	93.26	99.43	93.26	99.02	93.22	93.37	93.32	92.96	99.28	93.12	99.23	93.36	93.24	99.22	93.06	99.22	93.24	99.27	93.06	93.26	99.06	93.23	93.26	99.08	99.26	99.21	93.21	93.03	93.06	100.00	99.28	99.28	93.37	93.24	99.13	93.25	92.30	92.94	93.65	93.27	98.97	93.24
salm_50_genome/GCA_024414295.1_PDT001368000.1_genomic.fna	99.32	93.12	93.04	99.21	99.34	93.24	93.36	93.21	99.08	93.35	99.21	93.19	93.30	99.11	93.30	93.25	99.20	93.19	93.25	93.09	93.09	93.10	93.24	93.14	99.30	93.20	93.19	99.30	99.18	99.14	93.24	93.24	93.21	93.14	93.24	93.13	93.25	93.12	99.21	93.35	99.18	93.27	99.32	93.21	93.19	99.21	99.21	99.30	99.38	99.18	93.24	93.24	92.76	99.22	99.32	99.18	93.27	93.27	93.27	99.30	93.27	99.03	93.09	93.14	93.10	93.09	99.98	93.24	99.32	93.25	93.25	99.31	93.19	99.32	93.12	99.23	93.21	93.26	99.11	93.24	93.38	99.03	99.43	99.25	93.21	93.06	93.10	99.28	100.00	99.23	93.27	93.24	99.09	93.25	93.38	92.99	93.39	93.25	99.03	93.25
salm_50_genome/GCA_024693605.1_PDT001380069.1_genomic.fna	99.59	93.12	93.05	99.22	99.37	93.24	93.36	93.21	99.18	93.12	99.17	93.31	93.20	99.17	93.30	93.36	99.29	93.05	93.13	93.21	93.08	93.12	93.25	93.26	99.43	93.10	93.20	99.57	99.18	99.18	93.24	93.25	93.09	93.26	93.24	93.12	93.25	93.26	99.12	93.11	99.14	93.37	99.22	93.09	93.07	99.26	99.26	99.26	99.21	99.13	93.24	93.24	92.76	99.27	99.42	99.32	93.26	93.37	93.25	99.40	93.27	99.08	93.23	93.26	93.24	93.09	99.28	93.24	99.45	93.25	93.36	99.58	93.30	99.45	93.25	99.28	93.09	93.14	99.16	93.26	93.26	99.13	99.43	99.25	93.21	93.24	93.22	99.28	99.23	100.00	93.26	93.24	99.13	93.25	92.81	93.00	93.52	93.25	99.03	93.25
salm_50_genome/GCA_024816415.1_PDT000451617.1_genomic.fna	93.50	98.85	99.77	93.46	93.32	94.77	98.55	98.95	93.48	98.97	93.45	98.95	98.45	93.82	98.90	98.97	93.50	98.90	98.86	99.98	98.95	98.92	95.00	99.99	93.58	93.88	99.98	93.44	93.49	93.48	98.44	98.97	99.99	99.99	99.98	99.98	98.58	98.39	93.58	98.97	93.49	98.90	93.36	98.95	99.98	93.43	93.44	93.21	93.35	93.46	98.92	98.95	93.63	93.27	93.26	93.50	98.81	98.80	98.86	93.44	98.81	93.38	94.67	100.00	99.98	93.76	93.38	98.92	93.50	99.98	98.57	93.35	98.44	93.37	98.97	93.37	99.98	98.81	93.50	98.90	98.61	93.48	93.56	93.76	98.88	98.38	98.37	93.37	93.27	93.26	100.00	98.81	93.48	98.47	99.03	99.94	99.34	98.26	93.10	98.58
salm_50_genome/GCA_024821435.1_PDT001399733.1_genomic.fna	93.47	98.85	98.74	93.22	93.30	94.87	98.55	98.88	93.35	98.90	93.32	98.96	98.48	93.68	98.83	98.86	93.36	98.90	98.91	98.88	98.89	98.85	94.88	98.86	93.45	93.86	98.90	93.43	93.46	93.46	98.42	98.91	98.90	98.86	98.92	98.90	98.61	98.30	93.43	98.92	93.35	98.75	93.24	98.90	98.90	93.30	93.41	93.19	93.22	93.45	98.90	98.94	93.49	93.12	93.12	93.36	98.80	98.81	98.91	93.41	98.70	93.35	94.77	98.86	98.90	93.75	93.24	98.91	93.35	98.86	98.58	93.45	98.34	93.35	98.92	93.35	98.89	98.75	93.49	98.86	98.57	93.10	93.43	93.74	98.79	98.31	98.31	93.24	93.24	93.24	98.81	100.00	93.35	98.26	98.90	98.87	98.76	98.30	93.06	98.65
salm_50_genome/GCA_026175065.1_PDT001484856.1_genomic.fna	99.23	93.24	93.23	99.27	99.17	93.22	93.37	93.21	99.82	93.47	99.26	93.30	93.30	99.30	93.30	93.36	99.30	93.20	93.25	93.19	93.21	93.24	93.23	93.49	99.11	93.09	93.20	99.26	99.32	99.86	93.35	93.47	93.21	93.48	93.24	93.35	93.25	93.23	99.31	93.47	99.32	93.38	99.13	93.21	93.20	99.30	99.30	99.12	99.13	99.32	93.24	93.35	92.92	99.09	99.03	99.28	93.38	93.49	93.50	99.11	93.49	99.23	93.33	93.49	93.22	93.07	99.08	93.35	99.13	93.47	93.48	99.27	93.30	99.28	93.24	99.08	93.21	93.49	99.83	93.36	93.49	99.94	99.20	99.25	93.32	93.22	93.22	99.13	99.09	99.13	93.48	93.35	100.00	93.36	92.77	93.00	93.65	93.36	99.32	93.49
salm_50_genome/GCA_026544435.1_PDT001485216.1_genomic.fna	93.36	98.33	98.36	93.34	93.31	94.98	98.34	98.34	93.48	98.33	93.21	98.39	98.51	93.55	98.27	98.51	93.49	98.41	98.35	98.38	98.41	98.37	94.99	98.47	93.44	93.87	98.37	93.30	93.35	93.46	98.32	98.41	98.40	98.47	98.39	98.32	98.31	98.80	93.32	98.39	93.24	98.50	93.24	98.47	98.36	93.31	93.55	93.20	93.23	93.23	98.32	98.47	93.36	93.25	93.25	93.36	98.50	98.50	98.53	93.19	98.57	93.36	94.66	98.47	98.38	93.49	93.36	98.37	93.25	98.36	98.24	93.23	98.79	93.36	98.35	93.36	98.32	98.49	93.37	98.28	98.38	93.36	93.41	93.49	98.30	98.74	98.74	93.25	93.25	93.25	98.47	98.26	93.36	100.00	98.24	98.16	98.52	98.24	93.22	98.43
salm_50_genome/GCA_917174775.1_FD01874841_genomic.fna	92.81	99.96	98.96	92.78	92.71	94.88	98.43	99.93	92.76	99.99	92.63	99.01	97.99	93.44	99.91	99.09	91.32	97.54	99.08	99.00	99.98	99.97	94.79	99.03	92.77	93.88	98.43	93.20	92.79	92.76	98.42	99.98	99.00	99.03	99.03	99.03	98.74	98.18	92.77	99.99	92.79	99.08	92.29	99.98	98.90	93.08	92.74	92.75	92.28	92.78	99.98	99.05	93.14	92.10	92.56	92.56	99.03	99.03	99.09	92.86	99.02	93.03	94.89	99.03	99.02	93.25	93.38	98.97	92.81	99.03	98.86	92.45	98.48	92.56	99.97	92.39	99.01	99.50	93.15	98.73	98.75	92.77	93.31	93.15	98.19	98.19	98.19	92.30	93.38	92.81	99.03	98.90	92.77	98.24	100.00	98.44	98.91	98.43	92.61	98.81
salm_50_genome/GCA_917180635.1_FD01873084_genomic.fna	93.05	98.72	99.70	93.04	92.81	94.34	98.46	98.77	92.99	98.87	93.00	98.82	98.24	93.00	98.82	98.83	92.96	98.78	98.84	99.94	98.81	98.82	94.35	99.93	92.97	92.87	99.94	92.97	93.17	93.05	98.19	98.83	99.93	99.93	99.95	99.93	98.56	98.11	92.98	98.87	92.99	98.87	92.83	98.81	99.93	93.03	92.81	92.81	92.82	92.98	98.83	98.76	93.10	92.79	92.71	93.15	98.87	98.87	98.83	92.97	98.72	93.05	94.32	99.94	99.93	93.10	93.04	98.87	92.99	99.92	98.60	92.98	98.10	92.99	98.83	92.71	99.93	98.83	91.44	98.72	98.63	93.00	93.01	91.56	98.70	98.11	98.11	92.94	92.99	93.00	99.94	98.87	93.00	98.16	98.44	100.00	99.43	98.23	92.99	98.64
salm_50_genome/GCA_917188185.1_FD01876166_genomic.fna	93.38	98.81	99.25	93.61	93.36	94.86	98.63	98.81	93.63	98.86	93.61	98.76	98.42	93.49	98.81	98.86	93.62	98.81	98.86	99.45	98.86	98.81	94.89	99.34	93.61	93.81	99.45	93.36	93.62	93.75	98.43	98.86	99.32	99.34	99.45	99.32	98.86	98.35	93.75	98.86	93.75	98.72	93.62	98.86	99.32	93.61	93.61	93.36	93.61	93.75	98.76	98.82	93.91	93.52	93.27	93.52	98.81	98.81	98.77	93.61	98.86	93.78	94.89	99.34	99.31	93.91	93.39	98.86	93.52	99.44	98.86	93.36	98.35	93.39	98.86	93.39	99.32	98.72	93.62	98.81	98.81	93.65	93.49	93.37	98.67	98.35	98.35	93.65	93.39	93.52	99.34	98.76	93.65	98.52	98.91	99.43	100.00	98.43	93.49	98.81
salm_50_genome/GCF_003072665.1_ASM307266v1_genomic.fna	93.45	98.26	98.14	93.41	93.31	94.95	98.47	98.32	93.46	98.37	93.40	98.38	98.23	93.81	98.29	98.38	93.49	98.42	98.36	98.19	98.36	98.31	94.97	98.31	93.55	93.87	98.30	93.42	93.48	93.44	99.18	98.33	98.30	98.27	98.20	98.31	98.27	98.05	93.41	98.36	93.44	98.40	93.25	98.36	98.28	93.44	93.54	93.20	93.24	93.41	98.35	98.45	93.62	93.25	93.25	93.61	98.33	98.45	98.41	93.43	98.43	93.48	94.74	98.22	98.29	93.73	93.38	98.33	93.49	98.26	98.26	93.30	98.06	93.36	98.37	93.38	98.28	98.47	93.50	98.30	98.49	93.36	93.44	93.50	98.24	98.07	98.07	93.27	93.25	93.25	98.26	98.30	93.36	98.24	98.43	98.23	98.43	100.00	93.33	98.52
salm_50_genome/GCF_019334505.1_ASM1933450v1_genomic.fna	99.13	93.08	93.19	99.21	99.01	93.21	93.33	93.18	99.36	93.22	99.26	93.18	93.18	99.30	93.27	93.22	99.25	93.04	93.22	93.18	93.06	93.20	93.09	93.22	99.00	93.19	93.27	99.17	99.27	99.39	93.22	93.22	93.18	93.08	93.21	93.22	93.21	93.22	99.21	93.10	99.27	93.22	99.02	93.06	93.16	99.21	99.26	99.00	99.01	99.22	93.08	93.32	92.92	99.02	99.02	99.18	93.09	93.22	93.24	98.90	93.22	99.28	93.31	93.10	93.21	93.08	99.08	93.09	99.13	93.22	93.04	99.18	93.27	99.18	93.21	99.09	93.18	93.10	99.30	93.22	93.04	99.36	99.11	99.29	93.31	93.08	93.08	98.97	99.03	99.03	93.10	93.06	99.32	93.22	92.61	92.99	93.49	93.33	100.00	93.09
salm_50_genome/GCF_019857155.1_ASM1985715v1_genomic.fna	93.59	98.48	98.55	93.43	93.40	94.85	98.73	98.68	93.58	98.61	93.54	98.71	98.27	93.80	98.50	98.53	93.54	98.77	98.75	98.56	98.59	98.49	94.88	98.66	93.55	93.88	98.59	93.54	93.44	93.58	98.57	98.65	98.71	98.61	98.64	98.65	98.86	98.35	93.42	98.61	93.44	98.60	93.36	98.63	98.68	93.42	93.80	93.43	93.46	93.43	98.51	98.78	93.80	93.25	93.25	93.49	98.65	98.58	98.65	93.42	98.61	93.49	94.77	98.61	98.69	93.80	93.36	98.58	93.47	98.61	98.80	93.29	98.40	93.49	98.58	93.35	98.63	98.65	93.63	98.61	98.97	93.48	93.53	93.79	98.68	98.36	98.36	93.24	93.25	93.25	98.58	98.65	93.49	98.43	98.81	98.64	98.81	98.52	93.09	100.00
